Estimating optimal shrinkage intensity lambda (correlation matrix): 0.0411 

            auth_bp  auth_imp   auth_rt   auth_sa ili_champ   ili_emb   ili_ent
auth_bp   1.0000000 0.3502701 0.5249070 0.5940793 0.3062253 0.1945048 0.3017932
auth_imp  0.3502701 1.0000000 0.4532571 0.3609328 0.3826875 0.1332003 0.3608623
auth_rt   0.5249070 0.4532571 1.0000000 0.5634826 0.3985189 0.2719457 0.3426812
auth_sa   0.5940793 0.3609328 0.5634826 1.0000000 0.3408168 0.3268183 0.3866916
ili_champ 0.3062253 0.3826875 0.3985189 0.3408168 1.0000000 0.5019299 0.5096980
ili_emb   0.1945048 0.1332003 0.2719457 0.3268183 0.5019299 1.0000000 0.5949232
ili_ent   0.3017932 0.3608623 0.3426812 0.3866916 0.5096980 0.5949232 1.0000000
ili_pro   0.2084242 0.3177255 0.2777472 0.3216285 0.5397431 0.5117994 0.6365282
ili       0.3030685 0.3617337 0.3880598 0.4152193 0.7553756 0.7723016 0.8136735
leadChal  0.2734039 0.2589857 0.4013517 0.3087190 0.3611000 0.3889198 0.3272533
tfl_id    0.2242045 0.5215774 0.3639695 0.2818909 0.4378176 0.2856607 0.4138482
tfl_insp  0.4260249 0.3613261 0.4489212 0.3887421 0.5016093 0.3783117 0.4613849
tfl_int   0.4253144 0.2049117 0.2908043 0.2907560 0.3349292 0.3497777 0.3468558
tfl_pers  0.2604389 0.3413328 0.3616621 0.2621467 0.4347176 0.2468796 0.3512382
tfl_sup   0.3131004 0.3225145 0.3295349 0.2196405 0.4144040 0.2898608 0.3726417
tfl_vis   0.3255464 0.4318057 0.4029172 0.3316608 0.4633143 0.3389915 0.3534432
            ili_pro       ili  leadChal    tfl_id  tfl_insp   tfl_int  tfl_pers
auth_bp   0.2084242 0.3030685 0.2734039 0.2242045 0.4260249 0.4253144 0.2604389
auth_imp  0.3177255 0.3617337 0.2589857 0.5215774 0.3613261 0.2049117 0.3413328
auth_rt   0.2777472 0.3880598 0.4013517 0.3639695 0.4489212 0.2908043 0.3616621
auth_sa   0.3216285 0.4152193 0.3087190 0.2818909 0.3887421 0.2907560 0.2621467
ili_champ 0.5397431 0.7553756 0.3611000 0.4378176 0.5016093 0.3349292 0.4347176
ili_emb   0.5117994 0.7723016 0.3889198 0.2856607 0.3783117 0.3497777 0.2468796
ili_ent   0.6365282 0.8136735 0.3272533 0.4138482 0.4613849 0.3468558 0.3512382
ili_pro   1.0000000 0.8188040 0.2787978 0.4978303 0.3547342 0.2043094 0.2417376
ili       0.8188040 1.0000000 0.4076593 0.4999460 0.5093043 0.3682793 0.3810413
leadChal  0.2787978 0.4076593 1.0000000 0.3367624 0.4232095 0.3571493 0.2563609
tfl_id    0.4978303 0.4999460 0.3367624 1.0000000 0.4718064 0.2692789 0.4763651
tfl_insp  0.3547342 0.5093043 0.4232095 0.4718064 1.0000000 0.5464180 0.6417629
tfl_int   0.2043094 0.3682793 0.3571493 0.2692789 0.5464180 1.0000000 0.3416954
tfl_pers  0.2417376 0.3810413 0.2563609 0.4763651 0.6417629 0.3416954 1.0000000
tfl_sup   0.3040825 0.4155120 0.2794456 0.3560544 0.4924826 0.3112780 0.5471946
tfl_vis   0.3767612 0.4638697 0.4367235 0.4845541 0.6013080 0.2793550 0.5916732
            tfl_sup   tfl_vis
auth_bp   0.3131004 0.3255464
auth_imp  0.3225145 0.4318057
auth_rt   0.3295349 0.4029172
auth_sa   0.2196405 0.3316608
ili_champ 0.4144040 0.4633143
ili_emb   0.2898608 0.3389915
ili_ent   0.3726417 0.3534432
ili_pro   0.3040825 0.3767612
ili       0.4155120 0.4638697
leadChal  0.2794456 0.4367235
tfl_id    0.3560544 0.4845541
tfl_insp  0.4924826 0.6013080
tfl_int   0.3112780 0.2793550
tfl_pers  0.5471946 0.5916732
tfl_sup   1.0000000 0.4352882
tfl_vis   0.4352882 1.0000000
attr(,"lambda")
[1] 0.0410844
attr(,"lambda.estimated")
[1] TRUE
attr(,"class")
[1] "shrinkage"
