Principal Components Analysis
Call: principal(r = fl17_facs, nfactors = 10, rotate = "varimax")
Standardized loadings (pattern matrix) based upon correlation matrix
              RC4   RC2  RC10   RC1   RC7   RC6   RC3   RC8   RC9   RC5   h2
VMItrain_1   0.01  0.20  0.30 -0.06  0.23  0.26 -0.01  0.04  0.11 -0.08 0.27
VMItrain_2   0.04  0.27  0.26 -0.14  0.28  0.23  0.05  0.06  0.16 -0.06 0.33
VMItrain_3  -0.09  0.06  0.24 -0.08  0.17  0.32 -0.02  0.12 -0.02 -0.03 0.22
VMItrain_4  -0.05  0.18  0.29  0.02  0.27  0.34 -0.03  0.14  0.00  0.05 0.33
val_1        0.15 -0.03  0.04 -0.05  0.18  0.50  0.25 -0.07 -0.02  0.13 0.40
val_2       -0.08 -0.02 -0.17 -0.03  0.05  0.06  0.17 -0.18 -0.40  0.20 0.31
val_3       -0.07  0.10 -0.11  0.00  0.01  0.13  0.00  0.40 -0.09  0.00 0.21
val_4       -0.08  0.27 -0.02  0.00  0.16  0.02  0.23 -0.16 -0.15  0.19 0.24
val_5       -0.20  0.15 -0.14 -0.02 -0.06 -0.29 -0.09  0.23 -0.23  0.26 0.35
val_6        0.05 -0.01 -0.03 -0.01  0.25  0.32  0.33  0.11 -0.02 -0.04 0.29
val_7        0.06 -0.01  0.18 -0.03  0.16 -0.35 -0.04  0.21  0.09  0.09 0.25
val_8        0.13  0.10  0.10  0.10  0.12  0.22 -0.06  0.42  0.03  0.02 0.30
val_9        0.03 -0.10  0.11  0.01  0.10 -0.18 -0.37  0.26  0.02 -0.08 0.28
val_10       0.01  0.35 -0.05 -0.08  0.19  0.07  0.33  0.08 -0.18  0.07 0.32
val_11       0.21  0.08 -0.03  0.02  0.17  0.28  0.19 -0.02 -0.12 -0.12 0.22
val_12       0.06  0.10  0.17  0.24  0.09 -0.01  0.18  0.53  0.10  0.05 0.44
val_13      -0.10  0.15 -0.11  0.05  0.17  0.07  0.34 -0.17 -0.09  0.04 0.23
val_14      -0.05  0.18  0.14 -0.03  0.15 -0.15  0.20  0.24 -0.04  0.13 0.21
val_15       0.02  0.15  0.09 -0.03  0.17  0.50  0.34 -0.08  0.01 -0.13 0.44
val_16       0.00  0.06  0.20 -0.02  0.11 -0.41  0.07  0.26  0.10  0.17 0.34
val_17      -0.17  0.14  0.06  0.18  0.38 -0.07  0.23 -0.08 -0.05  0.14 0.32
val_18       0.16  0.18  0.14  0.16  0.07  0.09  0.15  0.31 -0.04 -0.06 0.24
val_19      -0.05  0.12  0.03 -0.09 -0.04  0.29  0.14  0.21 -0.11  0.04 0.19
val_20       0.02  0.14  0.14  0.01  0.34 -0.15  0.09  0.06 -0.06  0.02 0.20
val_21       0.08  0.37 -0.10 -0.05  0.18  0.12  0.36  0.18 -0.12 -0.07 0.39
uh_1         0.59 -0.11  0.01  0.06  0.10  0.07 -0.02  0.15 -0.07 -0.05 0.41
uh_2         0.60 -0.21  0.02  0.03  0.11  0.07 -0.06  0.17  0.06 -0.28 0.54
uh_3         0.62 -0.03  0.15 -0.12  0.03  0.06 -0.06 -0.02 -0.08 -0.15 0.45
uh_4         0.49 -0.17  0.23  0.14  0.05  0.03  0.01 -0.13  0.27 -0.08 0.43
uh_5         0.50 -0.18  0.16  0.08 -0.10 -0.01  0.02 -0.03  0.25  0.41 0.56
uh_6         0.59 -0.18  0.02 -0.01  0.11  0.10 -0.13  0.04 -0.04 -0.07 0.43
uh_7         0.54 -0.20  0.00  0.00  0.13  0.05  0.05  0.13  0.08 -0.24 0.44
uh_8         0.46 -0.06  0.27  0.15 -0.02  0.15 -0.05 -0.05  0.04 -0.24 0.40
uh_9         0.68 -0.02 -0.08 -0.05  0.09  0.07 -0.09  0.05 -0.07 -0.08 0.50
uh_10        0.54  0.09  0.11  0.06 -0.28  0.04 -0.04  0.08  0.26  0.23 0.52
uh_11        0.61 -0.02  0.06  0.01  0.04  0.01  0.04  0.15  0.17  0.08 0.44
uh_12        0.57 -0.15  0.08  0.06 -0.06  0.09  0.08 -0.03  0.15  0.13 0.42
uh_13        0.35 -0.03  0.14  0.26 -0.28 -0.04 -0.16  0.03  0.25  0.21 0.43
uh_14        0.63  0.00  0.10 -0.12  0.04 -0.13 -0.11  0.10  0.03  0.04 0.47
uh_15        0.45 -0.11  0.10  0.25 -0.16  0.09  0.02  0.02  0.30  0.19 0.45
uh_16        0.44 -0.15 -0.06  0.08 -0.12  0.15 -0.02 -0.10  0.18  0.29 0.39
uh_17        0.62 -0.13 -0.10 -0.12  0.15  0.05  0.04  0.02  0.07  0.15 0.49
uh_18        0.49 -0.14  0.08  0.10 -0.08  0.00  0.05 -0.09  0.39  0.17 0.47
uh_19        0.36 -0.16  0.13  0.07  0.01  0.11 -0.03 -0.08  0.11  0.34 0.32
uh_20        0.56 -0.11  0.08  0.06  0.06  0.06 -0.10 -0.01  0.11 -0.05 0.37
uh_21        0.49 -0.17  0.18  0.10 -0.15  0.05  0.04 -0.15  0.32  0.34 0.58
uh_22        0.60 -0.10  0.10  0.01  0.01  0.10 -0.01 -0.15  0.18 -0.10 0.46
uh_23        0.37 -0.07  0.11  0.31 -0.15  0.07  0.00 -0.04  0.25  0.16 0.37
uh_24        0.62 -0.16  0.10 -0.06 -0.04 -0.08 -0.11  0.05  0.09  0.05 0.46
uh_25        0.60 -0.09 -0.04  0.02  0.08 -0.10  0.04  0.02  0.08  0.14 0.42
ili_1        0.16  0.03  0.61  0.20 -0.03  0.02  0.12 -0.04  0.09 -0.06 0.47
ili_2        0.16  0.04  0.40  0.40 -0.01  0.07 -0.04  0.21  0.01  0.07 0.40
ili_3        0.14 -0.05  0.32  0.19  0.00  0.23 -0.21  0.25 -0.01  0.04 0.32
ili_4        0.10 -0.09  0.42  0.26  0.14  0.23  0.05  0.09 -0.15  0.20 0.41
ili_5        0.16 -0.04  0.58  0.14 -0.09  0.11  0.07  0.01 -0.06  0.09 0.43
ili_6        0.02  0.07  0.25  0.24  0.12  0.10  0.10 -0.21 -0.08 -0.21 0.25
ili_7        0.26 -0.02  0.53  0.24  0.00  0.18  0.07  0.06 -0.03 -0.08 0.45
ili_8        0.04 -0.05  0.53  0.06  0.20  0.30  0.04 -0.01 -0.07  0.10 0.43
ili_9        0.02  0.09  0.64  0.04  0.03 -0.04  0.07  0.02  0.10  0.02 0.44
ili_10       0.18  0.03  0.42  0.38  0.11  0.20 -0.02  0.00  0.03 -0.04 0.41
ili_11       0.15 -0.08  0.59  0.09  0.06  0.22 -0.12  0.05  0.14 -0.01 0.47
ili_12       0.16 -0.06  0.41  0.10  0.10  0.32 -0.10  0.06  0.00  0.22 0.38
ili_13       0.08  0.04  0.63  0.29  0.07  0.10  0.06  0.02  0.00  0.05 0.51
ili_14       0.13 -0.03  0.31  0.51  0.07  0.09 -0.09  0.25 -0.02 -0.01 0.46
ili_15       0.00 -0.02  0.42  0.24  0.06  0.17  0.00  0.08  0.00  0.04 0.28
bfi_1       -0.06  0.04  0.06  0.05  0.09  0.17  0.72  0.00  0.03  0.07 0.57
bfi_2R      -0.02  0.28  0.02  0.02  0.20  0.08 -0.16 -0.44 -0.07 -0.03 0.35
bfi_3        0.03 -0.12  0.50  0.20  0.26 -0.08 -0.07  0.11  0.01 -0.01 0.39
bfi_4       -0.11  0.34 -0.22 -0.11  0.03  0.13 -0.34 -0.29 -0.11  0.04 0.42
bfi_5        0.05 -0.06  0.09  0.02  0.17  0.63  0.15 -0.07  0.09  0.03 0.48
bfi_6R       0.12  0.01  0.02  0.01 -0.12 -0.06 -0.62  0.06 -0.03  0.15 0.45
bfi_7        0.15 -0.20  0.12  0.16  0.02 -0.11 -0.10  0.60  0.08  0.01 0.49
bfi_8R      -0.05  0.35 -0.26 -0.06 -0.02  0.23 -0.05 -0.15 -0.21 -0.09 0.33
bfi_9R       0.58 -0.30 -0.01  0.16  0.17 -0.01  0.19  0.14  0.01 -0.08 0.54
bfi_10       0.20 -0.05  0.14  0.13  0.08  0.56  0.13  0.06  0.09 -0.06 0.43
bfi_11       0.04 -0.15  0.13  0.02  0.15  0.40  0.50  0.13 -0.04 -0.04 0.50
bfi_12R     -0.07  0.23 -0.09 -0.10  0.21  0.12  0.18 -0.36 -0.08  0.09 0.31
bfi_13      -0.05 -0.12  0.55  0.22  0.28 -0.05 -0.02  0.15 -0.05  0.07 0.48
bfi_14      -0.25  0.34  0.05  0.12  0.24  0.03 -0.16 -0.14  0.06  0.07 0.31
bfi_15       0.06 -0.13  0.19  0.23  0.08  0.44 -0.02 -0.02 -0.11  0.10 0.34
bfi_16      -0.08  0.01  0.21  0.16  0.13  0.27  0.55  0.18  0.06  0.10 0.51
bfi_17       0.18  0.08  0.11  0.17 -0.10  0.20 -0.09  0.45  0.03  0.06 0.34
bfi_18R      0.08  0.35 -0.33 -0.11 -0.24  0.25  0.00 -0.14  0.01 -0.05 0.39
bfi_19      -0.30  0.51  0.02 -0.05  0.06  0.01 -0.21 -0.02  0.07  0.21 0.45
bfi_20       0.12  0.17  0.06  0.15 -0.04  0.64  0.18 -0.11  0.12 -0.02 0.55
bfi_21R      0.09  0.09  0.01 -0.07 -0.02 -0.12 -0.78  0.01 -0.11  0.05 0.65
bfi_22       0.20  0.11  0.01  0.18  0.08  0.03  0.08  0.35  0.07  0.15 0.25
bfi_23R      0.07  0.41 -0.37 -0.01 -0.28  0.13 -0.05 -0.06 -0.14  0.19 0.47
bfi_24R      0.47 -0.20  0.06  0.13  0.04 -0.23  0.06  0.11  0.01 -0.09 0.36
bfi_25       0.20 -0.03  0.04  0.05  0.25  0.44  0.14 -0.07 -0.01  0.15 0.35
bfi_26      -0.09  0.03  0.17  0.17  0.31  0.12  0.41 -0.27  0.06  0.02 0.42
bfi_27R      0.03  0.37 -0.19  0.11  0.04 -0.01 -0.21 -0.37 -0.13  0.02 0.38
bfi_28       0.05 -0.15  0.40  0.17  0.37  0.06 -0.16  0.14  0.07 -0.10 0.42
bfi_29      -0.28  0.45 -0.14  0.04  0.13  0.13 -0.13 -0.20 -0.14  0.18 0.44
bfi_30       0.02  0.09  0.00 -0.10  0.00  0.52  0.07  0.04  0.03  0.04 0.29
bfi_31R     -0.03  0.16 -0.14 -0.04 -0.12 -0.04 -0.67  0.11 -0.10  0.12 0.54
bfi_32       0.01 -0.03  0.05  0.12 -0.06 -0.01 -0.06  0.69  0.12 -0.04 0.52
bfi_33      -0.05 -0.09  0.46  0.16  0.34  0.06 -0.02  0.15  0.04  0.06 0.40
bfi_34R      0.46 -0.15  0.00  0.29  0.26  0.02  0.15  0.11  0.00 -0.12 0.44
bfi_35R      0.01  0.16  0.30  0.10  0.03 -0.41 -0.14  0.03  0.01  0.21 0.36
bfi_36      -0.02  0.01  0.10  0.06  0.12  0.24  0.68  0.17  0.00  0.10 0.59
bfi_37R     -0.07  0.38  0.00 -0.02  0.08  0.03  0.06 -0.45 -0.11  0.06 0.38
bfi_38       0.00 -0.01  0.43  0.08  0.24 -0.01  0.20  0.07  0.00 -0.06 0.29
bfi_39      -0.33  0.51 -0.15 -0.02  0.00 -0.10 -0.33  0.01 -0.08  0.22 0.56
bfi_40       0.12  0.03 -0.03  0.32 -0.04  0.52  0.02  0.07  0.01  0.02 0.39
bfi_41R      0.02  0.05 -0.08 -0.05  0.08 -0.52 -0.16  0.02 -0.11 -0.04 0.33
bfi_42      -0.04 -0.04  0.21  0.15  0.08  0.03  0.25  0.57  0.17  0.05 0.49
bfi_43R     -0.02  0.52 -0.32  0.17 -0.13  0.13  0.04  0.05 -0.14 -0.19 0.49
bfi_44      -0.07  0.00 -0.05 -0.05  0.03  0.38  0.18 -0.02  0.06  0.10 0.20
ffmq_1      -0.12  0.03  0.14  0.23  0.22  0.30 -0.09  0.02  0.04  0.25 0.29
ffmq_2       0.04 -0.12  0.10  0.15 -0.05  0.21  0.42  0.18  0.11  0.17 0.34
ffmq_3R     -0.14  0.47 -0.23  0.10  0.02  0.19 -0.18 -0.03 -0.18 -0.09 0.41
ffmq_4R     -0.22  0.44 -0.14  0.06  0.17  0.13 -0.19 -0.06 -0.13  0.08 0.38
ffmq_5       0.23 -0.19  0.02  0.18 -0.02  0.15  0.12  0.12 -0.08 -0.02 0.18
ffmq_6      -0.07  0.31  0.00 -0.03  0.04  0.31  0.08  0.10 -0.05  0.05 0.22
ffmq_7R      0.03  0.27 -0.12 -0.08  0.08 -0.07 -0.40 -0.06 -0.25  0.03 0.33
ffmq_8R     -0.16  0.20  0.15  0.07  0.09 -0.08  0.01  0.00  0.06  0.02 0.11
ffmq_9R      0.05  0.37 -0.09  0.04  0.22  0.18 -0.36 -0.27 -0.14  0.13 0.47
ffmq_10      0.43 -0.12  0.06  0.20 -0.01 -0.03  0.03 -0.04 -0.07 -0.15 0.27
ffmq_11      0.08  0.12  0.09  0.12  0.04  0.33 -0.01  0.14  0.06 -0.07 0.18
ffmq_12      0.14 -0.16  0.07  0.12 -0.04  0.21  0.35  0.12  0.13  0.07 0.27
ffmq_13R    -0.13  0.43 -0.01  0.00  0.00  0.02 -0.13 -0.12 -0.16  0.00 0.26
ffmq_14R     0.01  0.48 -0.05 -0.03  0.14  0.20 -0.31 -0.24 -0.21  0.17 0.52
ffmq_15      0.39 -0.16  0.11 -0.01 -0.01 -0.15  0.04  0.10  0.11 -0.06 0.24
uh.vmi_1     0.31  0.00  0.13  0.10  0.18  0.09  0.10 -0.01  0.55 -0.04 0.47
uh.vmi_2     0.21 -0.17  0.00  0.18  0.11  0.07  0.05  0.06  0.69 -0.05 0.61
uh.vmi_3     0.28 -0.21  0.04  0.08  0.37  0.10  0.03 -0.15  0.41 -0.14 0.49
uh.vmi_4     0.52 -0.10 -0.09  0.00  0.25  0.14  0.11 -0.10  0.35 -0.05 0.52
uh.vmi_5     0.30 -0.06 -0.09  0.10  0.14  0.22 -0.02 -0.04  0.62  0.05 0.56
uh.vmi_6     0.29 -0.17 -0.01  0.18  0.16  0.01  0.10  0.09  0.64 -0.06 0.60
uh.vmi_7     0.50 -0.06 -0.12 -0.12  0.28  0.05  0.05  0.01  0.38 -0.08 0.51
uh.vmi_8     0.18 -0.27  0.04  0.01  0.10 -0.03  0.20  0.20  0.40  0.20 0.40
uh.vmi_9     0.35 -0.18 -0.09  0.14  0.14  0.00  0.04  0.04  0.54  0.07 0.50
auth_1       0.04 -0.02  0.31  0.29  0.15  0.07  0.08  0.20  0.29 -0.18 0.37
auth_2       0.13 -0.07  0.37  0.29  0.04 -0.01 -0.05  0.20  0.22 -0.21 0.38
auth_3      -0.01 -0.15  0.02  0.14  0.09  0.41  0.09  0.16  0.09  0.02 0.25
auth_4      -0.03 -0.08  0.36  0.10  0.12  0.25  0.16  0.01  0.14 -0.11 0.28
auth_5      -0.06 -0.11  0.21  0.53  0.09 -0.07 -0.03 -0.11  0.26 -0.23 0.49
auth_6       0.10 -0.11  0.07  0.29 -0.04  0.29 -0.02  0.36  0.30 -0.09 0.42
auth_7       0.01 -0.07  0.12  0.33  0.01  0.25  0.06  0.09  0.31 -0.11 0.31
auth_8      -0.03  0.08  0.10  0.39  0.10  0.21  0.11  0.10  0.31 -0.06 0.35
auth_9       0.01 -0.12  0.27  0.16 -0.02 -0.15 -0.03 -0.09  0.35 -0.25 0.34
auth_10      0.13 -0.09  0.16  0.19  0.06  0.24 -0.12  0.08  0.25 -0.13 0.25
auth_11      0.12 -0.20  0.26  0.10  0.06  0.20  0.18  0.20  0.31 -0.06 0.35
auth_12      0.04 -0.08  0.26  0.12  0.23  0.20  0.15  0.32  0.36 -0.16 0.48
auth_13     -0.02 -0.08  0.28  0.24  0.08  0.00 -0.02  0.20  0.32 -0.22 0.34
auth_14     -0.03 -0.09  0.11  0.26  0.10  0.27  0.04  0.22  0.29 -0.22 0.36
grt_1       -0.04  0.47 -0.26  0.17  0.03  0.22 -0.14 -0.07 -0.04  0.06 0.39
grt_2        0.44 -0.36  0.07 -0.02  0.24  0.09  0.04  0.00  0.01 -0.14 0.42
grt_3       -0.07  0.45 -0.23  0.11  0.09  0.07 -0.12  0.02 -0.06  0.06 0.31
grt_4       -0.15 -0.18  0.51  0.02  0.31 -0.01  0.04  0.12  0.10  0.04 0.44
hum_1        0.08 -0.26  0.21  0.05 -0.03  0.00 -0.37  0.38  0.00 -0.03 0.40
grt_5       -0.09  0.41 -0.27  0.07 -0.01  0.08 -0.04 -0.05 -0.14  0.04 0.29
grt_6       -0.04  0.56 -0.34  0.03 -0.17  0.03 -0.10  0.12 -0.08 -0.05 0.49
grt_7        0.09 -0.24  0.45 -0.02  0.28 -0.12  0.08  0.11 -0.04 -0.09 0.39
grt_8        0.03 -0.17  0.41  0.21  0.44 -0.10  0.04  0.14  0.07  0.05 0.47
hum_2        0.11 -0.17  0.20  0.06  0.08  0.06 -0.29  0.45 -0.04 -0.14 0.40
chalFreq     0.04  0.02  0.31  0.00  0.34  0.17  0.09 -0.05 -0.07 -0.10 0.27
leadChal_1   0.15 -0.01  0.23  0.30  0.57  0.01  0.16 -0.04  0.19 -0.04 0.56
leadChal_2   0.13 -0.10 -0.04  0.09  0.73  0.13  0.12 -0.02  0.06 -0.03 0.61
leadChal_3   0.16 -0.02  0.15  0.28  0.56  0.15  0.07  0.02  0.03 -0.07 0.48
leadChal_4   0.37 -0.10  0.04  0.33  0.45  0.02  0.12 -0.05  0.08 -0.13 0.49
leadChal_5   0.18 -0.07  0.02  0.08  0.55  0.22  0.22 -0.01  0.08  0.09 0.45
leadChal_6   0.12 -0.11  0.23  0.22  0.41  0.23  0.05  0.13  0.34  0.06 0.48
leadChal_7   0.29 -0.11  0.17  0.20  0.49  0.06  0.05 -0.06  0.21 -0.13 0.47
leadChal_8   0.11 -0.09  0.25 -0.02  0.65  0.23  0.05 -0.02  0.10 -0.01 0.57
leadChal_9   0.19 -0.19  0.28  0.09  0.41  0.24  0.00  0.11  0.17 -0.15 0.44
leadChal_10  0.28 -0.14  0.21  0.06  0.57  0.18  0.03 -0.06  0.17  0.00 0.54
leadChal_11  0.04  0.06  0.28  0.01  0.62  0.18  0.16  0.02  0.11  0.13 0.55
leadChal_12  0.09 -0.16  0.25  0.23  0.50  0.08  0.00  0.06  0.09 -0.04 0.42
leadChal_13  0.22 -0.09  0.23  0.07  0.70  0.07  0.10 -0.10  0.10  0.02 0.64
sc.hw_1R    -0.05  0.63  0.15  0.01 -0.20 -0.03 -0.03  0.12  0.08 -0.19 0.53
sc.hw_2R     0.01  0.68  0.08  0.05 -0.17 -0.08  0.10  0.06  0.03 -0.20 0.56
sc.hw_3R    -0.16  0.60 -0.08 -0.04 -0.18 -0.10  0.01 -0.03  0.00 -0.03 0.44
sc.hw_4      0.46 -0.46 -0.06  0.02  0.07  0.09 -0.12  0.06 -0.09  0.09 0.48
sc.hw_5R    -0.16  0.54  0.02 -0.11 -0.06 -0.10  0.03  0.10  0.12 -0.25 0.43
sc.hw_6R    -0.18  0.65  0.15 -0.01 -0.07  0.00  0.22  0.09  0.13 -0.02 0.55
sc.hw_7R    -0.10  0.68 -0.01 -0.04 -0.14 -0.02  0.04  0.06 -0.09 -0.08 0.52
sc.hw_8      0.16 -0.45  0.01  0.05  0.29  0.19 -0.11 -0.01 -0.11  0.27 0.44
sc.hw_9R    -0.27  0.47 -0.11 -0.12 -0.18 -0.11  0.07 -0.06 -0.04 -0.12 0.39
sc.hw_10R   -0.18  0.56 -0.05  0.01 -0.19 -0.21  0.08 -0.04 -0.03  0.02 0.44
dis_1R       0.29 -0.02  0.36  0.17  0.19  0.23  0.09 -0.12  0.04 -0.30 0.45
dis_2R      -0.18  0.24 -0.13  0.15 -0.07  0.02  0.06  0.18 -0.14  0.39 0.34
dis_3        0.22  0.07  0.17 -0.08  0.05  0.10  0.09 -0.02 -0.01 -0.19 0.15
dis_4R      -0.15  0.27 -0.19  0.00 -0.13  0.07  0.03  0.12 -0.06  0.39 0.32
dis_5       -0.21  0.20 -0.03 -0.04 -0.04 -0.03  0.10  0.18 -0.07  0.42 0.31
dis_6        0.13  0.01  0.31  0.35  0.10  0.05  0.21 -0.12 -0.02 -0.26 0.37
tfl_1        0.07 -0.15  0.27  0.57  0.28 -0.02  0.14 -0.06  0.10 -0.03 0.54
tfl_2        0.08 -0.03  0.37  0.45  0.16  0.10  0.15  0.12  0.07 -0.08 0.42
tfl_3        0.09 -0.04  0.12  0.34  0.26  0.51 -0.06  0.04  0.05  0.08 0.48
tfl_4        0.20 -0.02  0.15  0.39  0.03 -0.02 -0.05  0.33  0.12  0.29 0.42
tfl_5       -0.02  0.01  0.10  0.73  0.04  0.05  0.01 -0.02  0.06  0.10 0.56
tfl_6        0.13 -0.01  0.44  0.40  0.06 -0.03  0.04  0.09  0.12 -0.20 0.45
tfl_7       -0.02 -0.10  0.34  0.57  0.23  0.12  0.11 -0.03 -0.03  0.05 0.53
tfl_8        0.00 -0.03  0.25  0.63  0.02  0.18  0.10  0.10  0.06  0.06 0.52
tfl_9       -0.01  0.06  0.18  0.34  0.15  0.47 -0.07 -0.03  0.07  0.06 0.41
tfl_10       0.13 -0.08  0.20  0.50  0.01  0.09 -0.05  0.37  0.09  0.22 0.51
tfl_11       0.01  0.02  0.22  0.64  0.05  0.15  0.00  0.15  0.06  0.08 0.51
tfl_12       0.06 -0.12  0.51  0.40  0.12 -0.09  0.04  0.09  0.12 -0.12 0.49
tfl_13R     -0.06  0.23 -0.22 -0.62 -0.08  0.02 -0.12  0.01 -0.19  0.14 0.57
tfl_14      -0.01 -0.05  0.14  0.43  0.16  0.40  0.01  0.21 -0.02  0.02 0.44
tfl_15      -0.14 -0.07  0.15  0.18  0.18  0.48 -0.05  0.07  0.04 -0.03 0.35
tfl_16      -0.01 -0.05  0.20  0.59  0.13  0.07  0.00  0.25 -0.02  0.08 0.48
tfl_17      -0.05  0.02  0.12  0.71  0.11  0.07 -0.05  0.07  0.09  0.05 0.55
tfl_18      -0.01 -0.03  0.51  0.34  0.07 -0.06  0.08  0.07  0.11 -0.21 0.46
brs_1        0.37 -0.03  0.14  0.46  0.28 -0.01  0.10  0.19 -0.09 -0.22 0.56
brs_2       -0.27  0.34  0.03 -0.28 -0.13  0.11 -0.19  0.01 -0.13  0.42 0.52
brs_3        0.46 -0.19  0.07  0.20  0.11  0.00  0.09  0.16 -0.11 -0.25 0.42
brs_4       -0.28  0.28  0.09 -0.33 -0.16  0.07 -0.09 -0.09 -0.19  0.29 0.44
brs_5        0.41 -0.11 -0.05  0.16  0.21  0.03  0.05  0.07 -0.11 -0.10 0.28
brs_6       -0.37  0.36 -0.01 -0.32 -0.13  0.15 -0.16 -0.07 -0.10  0.32 0.54
narc_1       0.00 -0.06  0.14 -0.11  0.21 -0.13  0.45  0.06 -0.04  0.02 0.30
narc_2      -0.13 -0.03  0.05 -0.12 -0.02 -0.10 -0.38  0.23  0.07  0.01 0.24
narc_3      -0.19  0.49 -0.10 -0.05 -0.07  0.04 -0.16  0.02  0.02  0.11 0.34
narc_4      -0.10  0.31 -0.06 -0.03  0.03  0.00  0.20 -0.06  0.10  0.07 0.17
narc_5       0.11 -0.02 -0.07  0.01  0.03  0.10  0.18 -0.12 -0.25  0.06 0.14
narc_6      -0.11  0.23 -0.13 -0.02  0.02  0.03 -0.48 -0.02  0.05  0.08 0.32
narc_7       0.17  0.15  0.05  0.00  0.04 -0.03  0.08 -0.33 -0.15  0.32 0.30
narc_8       0.22 -0.12 -0.04 -0.05  0.05  0.11  0.47 -0.05 -0.10 -0.03 0.31
narc_9       0.02  0.21  0.08 -0.18  0.09 -0.02 -0.15 -0.07 -0.20 -0.06 0.16
narc_10     -0.27 -0.06 -0.07  0.05  0.28  0.12  0.22 -0.11  0.14 -0.13 0.27
narc_11      0.03 -0.06  0.01  0.04 -0.04 -0.05  0.05 -0.14 -0.32 -0.12 0.15
narc_12     -0.06  0.00 -0.14 -0.11  0.04  0.00  0.13 -0.09 -0.13  0.17 0.11
narc_13     -0.11 -0.12  0.16  0.09  0.34  0.11  0.00  0.00 -0.14 -0.09 0.22
narc_14     -0.11  0.08 -0.05 -0.04  0.18  0.15  0.02 -0.22  0.03  0.32 0.23
sc.now_1R   -0.17  0.48  0.09 -0.20  0.09 -0.12 -0.09  0.12 -0.04  0.27 0.42
sc.now_2R   -0.17  0.50  0.11 -0.23  0.00 -0.07  0.00 -0.07 -0.07  0.13 0.38
sc.now_3R   -0.15  0.56  0.04 -0.29 -0.10 -0.02 -0.03 -0.06 -0.07  0.23 0.49
sc.now_4     0.40 -0.18  0.15  0.32  0.03  0.05  0.06  0.00 -0.06 -0.29 0.41
sc.now_5R   -0.19  0.46  0.06 -0.38  0.01 -0.12  0.01 -0.09 -0.07  0.28 0.50
sc.now_6R   -0.15  0.55  0.13 -0.20  0.10 -0.05 -0.04 -0.08 -0.10  0.33 0.52
sc.now_7R   -0.17  0.52  0.01 -0.24 -0.08  0.04 -0.09 -0.09 -0.14  0.20 0.44
sc.now_8     0.15 -0.34 -0.10  0.28  0.11  0.15  0.00 -0.01 -0.09 -0.13 0.29
sc.now_9R   -0.10  0.41  0.01 -0.33  0.02 -0.02  0.01 -0.05 -0.17  0.16 0.35
sc.now_10R  -0.19  0.43  0.00 -0.32 -0.02 -0.07 -0.04 -0.14 -0.23  0.19 0.44
              u2 com
VMItrain_1  0.73 4.4
VMItrain_2  0.67 5.4
VMItrain_3  0.78 3.3
VMItrain_4  0.67 4.0
val_1       0.60 2.2
val_2       0.69 3.1
val_3       0.79 1.8
val_4       0.76 5.2
val_5       0.65 6.3
val_6       0.71 3.2
val_7       0.75 3.3
val_8       0.70 2.5
val_9       0.72 3.1
val_10      0.68 3.6
val_11      0.78 4.7
val_12      0.56 2.2
val_13      0.77 3.6
val_14      0.79 6.1
val_15      0.56 2.6
val_16      0.66 3.1
val_17      0.68 3.8
val_18      0.76 4.6
val_19      0.81 3.7
val_20      0.80 2.5
val_21      0.61 3.9
uh_1        0.59 1.4
uh_2        0.46 2.1
uh_3        0.55 1.4
uh_4        0.57 2.9
uh_5        0.44 3.2
uh_6        0.57 1.5
uh_7        0.56 2.1
uh_8        0.60 2.9
uh_9        0.50 1.2
uh_10       0.48 2.7
uh_11       0.56 1.4
uh_12       0.58 1.6
uh_13       0.57 5.5
uh_14       0.53 1.4
uh_15       0.55 3.6
uh_16       0.61 3.2
uh_17       0.51 1.5
uh_18       0.53 2.7
uh_19       0.68 3.3
uh_20       0.63 1.4
uh_21       0.42 4.0
uh_22       0.54 1.6
uh_23       0.63 4.1
uh_24       0.54 1.4
uh_25       0.58 1.3
ili_1       0.53 1.5
ili_2       0.60 3.0
ili_3       0.68 5.0
ili_4       0.59 4.0
ili_5       0.57 1.5
ili_6       0.75 5.5
ili_7       0.55 2.4
ili_8       0.57 2.1
ili_9       0.56 1.1
ili_10      0.59 3.1
ili_11      0.53 1.7
ili_12      0.62 3.4
ili_13      0.49 1.6
ili_14      0.54 2.6
ili_15      0.72 2.2
bfi_1       0.43 1.2
bfi_2R      0.65 2.7
bfi_3       0.61 2.3
bfi_4       0.58 4.7
bfi_5       0.52 1.4
bfi_6R      0.55 1.3
bfi_7       0.51 1.8
bfi_8R      0.67 4.2
bfi_9R      0.46 2.3
bfi_10      0.57 1.8
bfi_11      0.50 2.7
bfi_12R     0.69 4.2
bfi_13      0.52 2.3
bfi_14      0.69 4.3
bfi_15      0.66 2.6
bfi_16      0.49 2.6
bfi_17      0.66 2.6
bfi_18R     0.61 4.4
bfi_19      0.55 2.5
bfi_20      0.45 1.7
bfi_21R     0.35 1.2
bfi_22      0.75 3.3
bfi_23R     0.53 3.9
bfi_24R     0.64 2.4
bfi_25      0.65 2.7
bfi_26      0.58 4.0
bfi_27R     0.62 3.6
bfi_28      0.58 3.6
bfi_29      0.56 3.9
bfi_30      0.71 1.2
bfi_31R     0.46 1.5
bfi_32      0.48 1.2
bfi_33      0.60 2.6
bfi_34R     0.56 3.2
bfi_35R     0.64 3.3
bfi_36      0.41 1.6
bfi_37R     0.62 2.3
bfi_38      0.71 2.2
bfi_39      0.44 3.4
bfi_40      0.61 1.9
bfi_41R     0.67 1.4
bfi_42      0.51 2.2
bfi_43R     0.51 2.8
bfi_44      0.80 1.9
ffmq_1      0.71 5.0
ffmq_2      0.66 3.3
ffmq_3R     0.59 3.1
ffmq_4R     0.62 3.3
ffmq_5      0.82 5.2
ffmq_6      0.78 2.6
ffmq_7R     0.67 3.2
ffmq_8R     0.89 4.2
ffmq_9R     0.53 4.9
ffmq_10     0.73 2.0
ffmq_11     0.82 2.6
ffmq_12     0.73 3.9
ffmq_13R    0.74 1.9
ffmq_14R    0.48 3.8
ffmq_15     0.76 2.3
uh.vmi_1    0.53 2.3
uh.vmi_2    0.39 1.6
uh.vmi_3    0.51 4.2
uh.vmi_4    0.48 2.8
uh.vmi_5    0.44 2.0
uh.vmi_6    0.40 2.1
uh.vmi_7    0.49 3.0
uh.vmi_8    0.60 4.3
uh.vmi_9    0.50 2.5
auth_1      0.63 5.2
auth_2      0.62 4.5
auth_3      0.75 2.3
auth_4      0.72 3.6
auth_5      0.51 2.7
auth_6      0.58 4.6
auth_7      0.69 3.9
auth_8      0.65 3.4
auth_9      0.66 4.2
auth_10     0.75 6.1
auth_11     0.65 6.0
auth_12     0.52 5.7
auth_13     0.66 4.8
auth_14     0.64 5.7
grt_1       0.61 2.8
grt_2       0.58 3.0
grt_3       0.69 2.2
grt_4       0.56 2.5
hum_1       0.60 3.5
grt_5       0.71 2.4
grt_6       0.51 2.2
grt_7       0.61 2.9
grt_8       0.53 3.3
hum_2       0.60 3.1
chalFreq    0.73 3.0
leadChal_1  0.44 2.6
leadChal_2  0.39 1.3
leadChal_3  0.52 2.1
leadChal_4  0.51 3.4
leadChal_5  0.55 2.1
leadChal_6  0.52 4.7
leadChal_7  0.53 3.3
leadChal_8  0.43 1.8
leadChal_9  0.56 4.8
leadChal_10 0.46 2.5
leadChal_11 0.45 2.0
leadChal_12 0.58 2.5
leadChal_13 0.36 1.7
sc.hw_1R    0.47 1.7
sc.hw_2R    0.44 1.5
sc.hw_3R    0.56 1.5
sc.hw_4     0.52 2.5
sc.hw_5R    0.57 2.1
sc.hw_6R    0.45 1.7
sc.hw_7R    0.48 1.2
sc.hw_8     0.56 3.6
sc.hw_9R    0.61 2.7
sc.hw_10R   0.56 1.9
dis_1R      0.55 5.4
dis_2R      0.66 3.9
dis_3       0.85 4.4
dis_4R      0.68 3.4
dis_5       0.69 2.8
dis_6       0.63 4.5
tfl_1       0.46 2.5
tfl_2       0.58 3.0
tfl_3       0.52 2.7
tfl_4       0.58 4.0
tfl_5       0.44 1.1
tfl_6       0.55 3.0
tfl_7       0.47 2.3
tfl_8       0.48 1.7
tfl_9       0.59 2.6
tfl_10      0.49 3.1
tfl_11      0.49 1.6
tfl_12      0.51 2.7
tfl_13R     0.43 2.1
tfl_14      0.56 3.1
tfl_15      0.65 2.2
tfl_16      0.52 1.8
tfl_17      0.45 1.2
tfl_18      0.54 2.5
brs_1       0.44 4.1
brs_2       0.48 4.7
brs_3       0.58 3.2
brs_4       0.56 5.8
brs_5       0.72 2.6
brs_6       0.46 5.2
narc_1      0.70 2.1
narc_2      0.76 2.5
narc_3      0.66 1.8
narc_4      0.83 2.6
narc_5      0.86 3.6
narc_6      0.68 1.9
narc_7      0.70 3.6
narc_8      0.69 1.9
narc_9      0.84 5.1
narc_10     0.73 5.0
narc_11     0.85 2.0
narc_12     0.89 5.8
narc_13     0.78 3.1
narc_14     0.77 3.6
sc.now_1R   0.58 2.9
sc.now_2R   0.62 2.1
sc.now_3R   0.51 2.2
sc.now_4    0.59 3.8
sc.now_5R   0.50 3.4
sc.now_6R   0.48 2.5
sc.now_7R   0.56 2.5
sc.now_8    0.71 3.9
sc.now_9R   0.65 2.9
sc.now_10R  0.56 3.9

                        RC4   RC2  RC10   RC1  RC7  RC6  RC3  RC8  RC9  RC5
SS loadings           14.03 13.34 11.19 10.67 9.24 8.84 8.09 6.71 6.68 5.30
Proportion Var         0.06  0.06  0.05  0.05 0.04 0.04 0.03 0.03 0.03 0.02
Cumulative Var         0.06  0.12  0.16  0.21 0.25 0.29 0.32 0.35 0.38 0.40
Proportion Explained   0.15  0.14  0.12  0.11 0.10 0.09 0.09 0.07 0.07 0.06
Cumulative Proportion  0.15  0.29  0.41  0.52 0.62 0.72 0.80 0.87 0.94 1.00

Mean item complexity =  3
Test of the hypothesis that 10 components are sufficient.

The root mean square of the residuals (RMSR) is  0.05 
 with the empirical chi square  28680.09  with prob <  2e-50 

Fit based upon off diagonal values = 0.9