Principal Components Analysis
Call: principal(r = sp17_facs, nfactors = 10, rotate = "varimax")
Standardized loadings (pattern matrix) based upon correlation matrix
              RC1   RC2  RC10   RC3   RC4   RC7   RC5   RC9   RC8   RC6    h2
val_1        0.25  0.07 -0.11  0.01  0.04  0.08  0.54  0.21 -0.04 -0.14 0.447
val_2       -0.14  0.06  0.04  0.09 -0.18 -0.07  0.28  0.24 -0.03  0.22 0.258
val_3       -0.19 -0.01  0.02  0.05  0.07  0.08  0.20 -0.08 -0.01 -0.05 0.102
val_4        0.07 -0.23 -0.03  0.04  0.07 -0.12  0.12  0.06  0.05  0.52 0.370
val_5       -0.18 -0.17 -0.04  0.00  0.04 -0.07  0.11 -0.21  0.10  0.45 0.331
val_6        0.30  0.21 -0.08  0.08  0.06  0.19  0.14  0.31 -0.10 -0.04 0.308
val_7       -0.02  0.04  0.01 -0.11  0.16 -0.02 -0.15 -0.04  0.14  0.47 0.304
val_8        0.05  0.25  0.15  0.02  0.14  0.18  0.20 -0.18 -0.02 -0.06 0.212
val_9       -0.12  0.17 -0.04  0.01  0.04  0.35  0.06 -0.32  0.06  0.12 0.293
val_10       0.06 -0.01 -0.18  0.40 -0.09  0.02  0.24  0.27 -0.11  0.11 0.355
val_11       0.17  0.17 -0.01 -0.10  0.11 -0.30  0.03 -0.16  0.04  0.13 0.212
val_12       0.07  0.10  0.11 -0.06  0.20  0.19  0.04 -0.09  0.24  0.09 0.180
val_13       0.04 -0.08  0.07 -0.02 -0.07  0.00  0.09  0.25 -0.02  0.48 0.323
val_14      -0.04 -0.06  0.15  0.00 -0.03  0.28  0.13  0.13  0.17  0.28 0.244
val_15       0.37  0.25 -0.13  0.10  0.00  0.07  0.36  0.36 -0.12 -0.04 0.510
val_16      -0.12 -0.03 -0.07 -0.04  0.06  0.16 -0.03 -0.23  0.02  0.51 0.364
val_17       0.00 -0.07  0.05 -0.05  0.10 -0.18  0.08 -0.11  0.03  0.53 0.355
val_18       0.21  0.04  0.09  0.01  0.13  0.01  0.05  0.03 -0.01  0.00 0.071
val_19      -0.02  0.01 -0.04  0.21  0.21  0.11  0.29 -0.13 -0.02  0.01 0.201
val_20       0.12 -0.02  0.01  0.04  0.14  0.02 -0.15  0.09  0.20  0.24 0.159
val_21       0.13 -0.07 -0.05  0.38 -0.13  0.09  0.21  0.45 -0.12  0.16 0.477
uh_1         0.09  0.66 -0.08 -0.16  0.01  0.21  0.09  0.02  0.05 -0.23 0.581
uh_2         0.16  0.64  0.06 -0.04  0.03  0.13  0.20  0.04  0.02 -0.20 0.536
uh_3         0.04  0.62 -0.31 -0.08  0.01  0.26  0.09  0.11 -0.02 -0.11 0.596
uh_4        -0.03  0.65 -0.05  0.14  0.17 -0.08 -0.05  0.05 -0.14 -0.03 0.502
uh_5         0.00  0.56  0.04 -0.09  0.18 -0.11 -0.05 -0.15 -0.10  0.17 0.430
uh_6         0.08  0.69 -0.10 -0.15 -0.05  0.07  0.01 -0.06  0.11 -0.14 0.551
uh_7         0.19  0.48  0.09 -0.01 -0.03  0.07  0.12 -0.02 -0.15 -0.08 0.326
uh_8         0.16  0.48 -0.04 -0.09  0.23 -0.04  0.01  0.10 -0.05  0.08 0.338
uh_9         0.03  0.66 -0.14 -0.15  0.10  0.03  0.10 -0.02  0.14 -0.04 0.523
uh_10       -0.06  0.42  0.13  0.06  0.16  0.04  0.07 -0.10  0.01  0.24 0.305
uh_11        0.16  0.68  0.11  0.08  0.12 -0.05  0.08 -0.01  0.00 -0.07 0.536
uh_12        0.08  0.57  0.13  0.17  0.14 -0.08 -0.01  0.01 -0.12  0.11 0.428
uh_13        0.14  0.43  0.16 -0.11  0.23 -0.20 -0.01 -0.17 -0.11  0.20 0.415
uh_14        0.00  0.64 -0.24 -0.04 -0.02  0.08  0.08 -0.06  0.06 -0.13 0.499
uh_15       -0.04  0.44  0.27  0.08  0.14  0.02  0.11 -0.04 -0.27  0.04 0.378
uh_16       -0.12  0.41  0.22  0.08  0.08  0.17  0.12  0.08 -0.18  0.29 0.413
uh_17        0.00  0.72 -0.09 -0.06 -0.05  0.05  0.12 -0.02  0.03  0.04 0.548
uh_18        0.04  0.71  0.11  0.01  0.17  0.03 -0.06  0.01 -0.08  0.10 0.571
uh_19       -0.09  0.49  0.20  0.00  0.07  0.27  0.14 -0.06 -0.10  0.17 0.423
uh_20        0.02  0.75  0.05 -0.11  0.10 -0.01 -0.12 -0.05  0.12 -0.04 0.614
ili_1        0.16  0.26  0.13 -0.05  0.59  0.16 -0.11  0.01 -0.04  0.06 0.499
ili_2        0.17  0.20  0.24 -0.02  0.52  0.04  0.01 -0.01  0.07  0.01 0.397
ili_3        0.13  0.08  0.05  0.01  0.64  0.29  0.06  0.12 -0.05  0.00 0.541
ili_4        0.23  0.10  0.01 -0.05  0.61 -0.03  0.23  0.14  0.06  0.15 0.540
ili_5        0.26  0.06  0.13  0.08  0.65  0.01  0.09  0.09 -0.10  0.13 0.565
ili_6        0.14  0.17  0.10 -0.05  0.49 -0.19  0.02  0.07  0.00  0.12 0.358
ili_7        0.22  0.08  0.07  0.06  0.76  0.14  0.15  0.13 -0.04  0.07 0.697
ili_8        0.15 -0.02  0.02 -0.18  0.61 -0.05  0.26  0.13  0.01  0.09 0.519
ili_9        0.26  0.15  0.13 -0.12  0.62  0.06 -0.07 -0.02 -0.09  0.15 0.552
ili_10       0.28  0.10  0.16 -0.07  0.60  0.01 -0.02  0.05 -0.06  0.01 0.491
ili_11       0.22  0.15  0.12  0.06  0.59 -0.01  0.04  0.00  0.03  0.02 0.447
ili_12       0.14  0.04 -0.01 -0.07  0.64  0.03  0.28  0.11  0.01 -0.04 0.528
ili_13       0.20  0.13  0.09  0.06  0.70  0.12 -0.02  0.07 -0.11  0.13 0.613
ili_14       0.25  0.01  0.25  0.09  0.55  0.01 -0.04 -0.04 -0.08  0.01 0.445
ili_15       0.01  0.01  0.15 -0.03  0.59 -0.09  0.07  0.04 -0.04  0.00 0.390
bfi_1        0.14 -0.19  0.08  0.11  0.25 -0.12  0.09  0.58 -0.03  0.13 0.511
bfi_2R       0.03 -0.09  0.01  0.09  0.05 -0.65  0.07 -0.18  0.03  0.24 0.537
bfi_3        0.31  0.04  0.23 -0.36  0.12  0.15  0.03  0.01 -0.12  0.37 0.479
bfi_4        0.05  0.02 -0.29  0.32 -0.12 -0.32  0.12 -0.48  0.08  0.00 0.554
bfi_5        0.24  0.15 -0.03 -0.12  0.17  0.15  0.52  0.23 -0.24 -0.12 0.547
bfi_6R      -0.01  0.18  0.05  0.00 -0.11  0.07  0.06 -0.61 -0.06  0.15 0.455
bfi_7        0.22  0.12  0.20  0.04  0.26  0.47  0.09 -0.07 -0.05  0.13 0.422
bfi_8R      -0.02  0.03 -0.04  0.64  0.03 -0.09  0.13  0.16 -0.11 -0.15 0.495
bfi_9R       0.21  0.35  0.05 -0.34  0.20  0.19  0.23  0.07 -0.18 -0.18 0.487
bfi_10       0.35  0.21  0.17 -0.02  0.21  0.06  0.33 -0.01 -0.12  0.03 0.369
bfi_11       0.23 -0.09  0.02 -0.09  0.34 -0.04  0.20  0.50 -0.10  0.17 0.514
bfi_12R      0.03  0.01 -0.22  0.17  0.04 -0.60  0.07  0.18 -0.02  0.04 0.480
bfi_13       0.47 -0.04  0.01 -0.29  0.18  0.14 -0.10  0.05 -0.19  0.16 0.434
bfi_14      -0.02 -0.20  0.00  0.06  0.22 -0.34  0.00 -0.24 -0.09  0.20 0.315
bfi_15       0.24  0.06 -0.01 -0.18  0.31 -0.05  0.35 -0.30 -0.09  0.03 0.414
bfi_16       0.23 -0.03 -0.01 -0.11  0.47 -0.03  0.15  0.50 -0.10  0.04 0.579
bfi_17       0.17  0.16  0.08  0.02  0.22  0.50  0.14 -0.04 -0.11  0.07 0.398
bfi_18R     -0.06  0.02  0.04  0.51 -0.04  0.01  0.22 -0.02 -0.12 -0.32 0.433
bfi_19      -0.26 -0.26 -0.06  0.26  0.11 -0.04  0.00 -0.33  0.13  0.27 0.424
bfi_20       0.24  0.13  0.06  0.11  0.11  0.14  0.44  0.02 -0.14  0.03 0.339
bfi_21R     -0.19  0.15  0.02  0.11 -0.16  0.07  0.16 -0.71 -0.01  0.01 0.630
bfi_22       0.13  0.06 -0.06 -0.08  0.00  0.40  0.06  0.17 -0.27  0.13 0.314
bfi_23R     -0.18 -0.09 -0.13  0.55 -0.03 -0.18  0.07 -0.08  0.08 -0.14 0.426
bfi_24R      0.18  0.33  0.10 -0.24  0.10  0.29  0.08  0.24 -0.33 -0.07 0.475
bfi_25       0.23  0.13  0.02  0.01  0.22  0.05  0.63  0.13 -0.21 -0.08 0.590
bfi_26       0.32  0.14  0.15 -0.08  0.17 -0.35  0.01  0.28  0.00  0.27 0.452
bfi_27R      0.11  0.00  0.03  0.16 -0.10 -0.33 -0.05 -0.37  0.03  0.07 0.304
bfi_28       0.29  0.09  0.05 -0.30  0.19 -0.05 -0.04 -0.13 -0.03  0.35 0.361
bfi_29      -0.04 -0.20 -0.10  0.46 -0.02 -0.42  0.05 -0.16 -0.05  0.28 0.558
bfi_30      -0.05  0.07 -0.08  0.09  0.15  0.16  0.55  0.00 -0.08  0.12 0.399
bfi_31R     -0.29 -0.10 -0.11  0.16 -0.02  0.14  0.10 -0.55 -0.05  0.04 0.469
bfi_32       0.08  0.03  0.18  0.02  0.23  0.53  0.21 -0.09  0.03  0.13 0.449
bfi_33       0.26  0.05 -0.02 -0.45  0.17  0.15  0.08  0.10 -0.09  0.37 0.493
bfi_34R      0.28  0.43  0.13 -0.18  0.25  0.04  0.12  0.07 -0.16 -0.09 0.433
bfi_35R      0.01  0.12  0.04 -0.01  0.14  0.05 -0.08 -0.01 -0.01  0.56 0.351
bfi_36       0.08 -0.02  0.01 -0.01  0.23 -0.08  0.18  0.68  0.05  0.21 0.606
bfi_37R      0.02 -0.07 -0.20  0.19 -0.01 -0.65  0.07 -0.04 -0.03 -0.01 0.511
bfi_38       0.19  0.12 -0.02 -0.36  0.13  0.04 -0.05 -0.01  0.14  0.42 0.397
bfi_39      -0.16 -0.25  0.01  0.31  0.12  0.05 -0.10 -0.29  0.08  0.34 0.416
bfi_40       0.20  0.12  0.12  0.01  0.21  0.05  0.42 -0.24 -0.06  0.07 0.358
bfi_41R      0.02  0.16  0.00  0.11 -0.02 -0.17 -0.36  0.04  0.11  0.15 0.228
bfi_42       0.15  0.22  0.23  0.01  0.30  0.27  0.13  0.31 -0.10  0.18 0.437
bfi_43R      0.01 -0.10 -0.12  0.69  0.06 -0.10 -0.02  0.00 -0.01 -0.13 0.531
bfi_44      -0.01 -0.02 -0.17  0.04  0.10 -0.01  0.52 -0.19 -0.06  0.06 0.352
ffmq_1      -0.11  0.03  0.19  0.08 -0.07  0.04  0.39  0.02  0.08  0.13 0.240
ffmq_2      -0.06  0.16  0.38 -0.09  0.10 -0.19  0.26  0.10  0.35  0.01 0.434
ffmq_3R     -0.10  0.01 -0.09  0.61  0.03  0.09  0.02 -0.02  0.04 -0.08 0.404
ffmq_4R     -0.05  0.03 -0.02  0.29 -0.14  0.16  0.05 -0.18  0.37  0.15 0.327
ffmq_5       0.06  0.24  0.38 -0.29  0.01 -0.04  0.29 -0.03  0.03  0.00 0.380
ffmq_6       0.19  0.13  0.19 -0.09 -0.03 -0.16  0.36  0.00  0.22  0.09 0.309
ffmq_7R     -0.07 -0.08 -0.24  0.21 -0.07  0.25 -0.16 -0.09 -0.28  0.06 0.294
ffmq_8R      0.08 -0.04 -0.08  0.24 -0.11  0.14 -0.08  0.09  0.06  0.16 0.149
ffmq_9R      0.01  0.03 -0.05  0.33 -0.11 -0.13 -0.02 -0.25  0.35  0.10 0.336
ffmq_10      0.17  0.28  0.16 -0.03  0.07  0.04  0.05  0.00  0.00 -0.07 0.149
ffmq_11      0.21  0.04  0.18  0.12  0.10 -0.14  0.39  0.08  0.04  0.04 0.283
ffmq_12     -0.06  0.15  0.34 -0.04  0.06 -0.19  0.26  0.04  0.16  0.09 0.284
ffmq_13R    -0.05 -0.02 -0.12  0.45  0.06 -0.10 -0.07  0.03  0.06  0.02 0.246
ffmq_14R    -0.07 -0.08 -0.08  0.24 -0.07 -0.07  0.00 -0.28  0.35  0.20 0.329
ffmq_15     -0.07  0.23  0.18  0.00  0.16 -0.08  0.20  0.09  0.10 -0.12 0.192
uh.vmi_1     0.32  0.41  0.23  0.02 -0.10 -0.23 -0.12 -0.01 -0.26  0.26 0.539
uh.vmi_2     0.18  0.24  0.44  0.03 -0.14 -0.11 -0.23 -0.02 -0.29  0.14 0.468
uh.vmi_3     0.24  0.30  0.29 -0.01 -0.06 -0.08 -0.01  0.35 -0.24  0.00 0.421
uh.vmi_4     0.40  0.42  0.15 -0.03 -0.08 -0.25 -0.02  0.01 -0.07 -0.18 0.470
uh.vmi_5     0.21  0.46  0.41  0.02 -0.04 -0.06 -0.19 -0.03 -0.20  0.20 0.545
uh.vmi_6     0.33  0.23  0.40 -0.08 -0.19 -0.05 -0.23  0.00 -0.29  0.12 0.519
uh.vmi_7     0.35  0.49  0.19  0.04 -0.14 -0.19 -0.10  0.05 -0.07 -0.18 0.504
uh.vmi_8     0.25  0.23  0.34  0.00 -0.08  0.08 -0.13  0.08 -0.16  0.11 0.307
uh.vmi_9     0.23  0.31  0.45 -0.08 -0.03 -0.07 -0.16  0.01 -0.17  0.03 0.421
auth_1       0.28  0.05  0.62 -0.21  0.23  0.01 -0.01  0.17  0.17 -0.06 0.617
auth_2       0.47  0.10  0.55 -0.11  0.17  0.18 -0.07  0.13  0.01  0.04 0.628
auth_3       0.26  0.04  0.26 -0.11  0.18  0.21  0.22 -0.01  0.12 -0.18 0.321
auth_4       0.24  0.05  0.51 -0.07  0.20  0.13  0.10  0.03  0.24  0.01 0.450
auth_5       0.32 -0.09  0.37 -0.08  0.23  0.11 -0.17  0.02 -0.03  0.03 0.348
auth_6       0.21 -0.02  0.54  0.05  0.14  0.31  0.21 -0.10 -0.06 -0.17 0.543
auth_7       0.29 -0.03  0.60  0.00  0.16  0.16 -0.03  0.03  0.01  0.01 0.494
auth_8       0.22 -0.04  0.54  0.07  0.18  0.15  0.09  0.01 -0.02 -0.02 0.414
auth_9       0.21  0.02  0.40 -0.21  0.15 -0.10 -0.04 -0.04 -0.09  0.00 0.295
auth_10      0.22  0.03  0.61 -0.07  0.13  0.06 -0.08 -0.04 -0.06  0.04 0.461
auth_11      0.24  0.00  0.56 -0.14  0.21  0.09  0.00  0.00  0.09  0.00 0.456
auth_12      0.15  0.08  0.64 -0.28  0.14  0.10  0.13  0.12  0.07  0.07 0.584
auth_13      0.22  0.01  0.67 -0.13  0.24  0.12 -0.08  0.04 -0.13  0.14 0.632
auth_14      0.11 -0.02  0.50  0.02  0.08  0.19  0.16 -0.06 -0.17 -0.01 0.363
grt_1       -0.01  0.03 -0.18  0.44  0.12  0.05  0.20 -0.07 -0.01 -0.02 0.291
grt_2        0.09  0.25  0.05 -0.24 -0.02 -0.06  0.19  0.05  0.11 -0.06 0.190
grt_3       -0.08  0.04  0.01  0.36  0.00 -0.04  0.17  0.15  0.10  0.09 0.212
grt_4        0.35 -0.04  0.19 -0.22  0.05  0.20 -0.02  0.14 -0.16  0.36 0.429
hum_1        0.19 -0.02  0.07  0.01 -0.11  0.53  0.12 -0.11  0.03 -0.01 0.365
grt_5       -0.15  0.07 -0.10  0.52 -0.12 -0.02  0.31 -0.02 -0.03  0.01 0.424
grt_6        0.11  0.00  0.04  0.62 -0.11  0.00  0.06  0.05 -0.06 -0.02 0.424
grt_7        0.23  0.05  0.03 -0.39  0.05  0.10 -0.06  0.01 -0.04  0.45 0.431
grt_8        0.23 -0.02  0.12 -0.34  0.18  0.16  0.12  0.07  0.04  0.37 0.399
hum_2        0.23 -0.01  0.15 -0.07  0.05  0.56  0.12 -0.14  0.07  0.07 0.435
chalFreq     0.29 -0.07  0.06 -0.17  0.26 -0.03  0.24  0.22  0.21 -0.02 0.340
leadChal_1   0.66  0.04  0.21 -0.06  0.14 -0.06  0.12  0.19  0.08  0.09 0.576
leadChal_2   0.70  0.01  0.15 -0.11  0.17 -0.18  0.12  0.10  0.03 -0.06 0.621
leadChal_3   0.67  0.06  0.18 -0.13  0.27 -0.10  0.03  0.13  0.09 -0.05 0.608
leadChal_4   0.65  0.20  0.04 -0.21  0.12 -0.12  0.06  0.02  0.02 -0.10 0.547
leadChal_5   0.68  0.15 -0.02 -0.25  0.11 -0.25  0.03  0.18  0.07 -0.08 0.661
leadChal_6   0.67  0.05  0.16  0.02  0.14  0.11  0.05 -0.14  0.02  0.09 0.543
leadChal_7   0.62  0.14  0.20 -0.13  0.16  0.01  0.02  0.03  0.14 -0.01 0.508
leadChal_8   0.62  0.22  0.00 -0.03  0.12 -0.09  0.14  0.10  0.00 -0.09 0.496
leadChal_9   0.60  0.11  0.14 -0.07  0.20  0.09  0.12  0.03 -0.10 -0.03 0.468
leadChal_10  0.53  0.19 -0.04 -0.16  0.29 -0.12  0.24  0.05  0.21  0.11 0.552
leadChal_11  0.58  0.12 -0.05 -0.12  0.16 -0.16  0.16  0.22  0.13 -0.08 0.522
leadChal_12  0.65  0.17  0.10 -0.12  0.11  0.06  0.11  0.05  0.02  0.16 0.539
leadChal_13  0.64  0.13  0.00 -0.05  0.19 -0.18  0.13  0.16  0.15 -0.06 0.564
sc.hw_1R    -0.01  0.00  0.13  0.54  0.01  0.11 -0.26 -0.14  0.22  0.01 0.459
sc.hw_2R    -0.03  0.07  0.06  0.57  0.01  0.07  0.03 -0.03  0.16 -0.03 0.369
sc.hw_3R    -0.25 -0.05 -0.05  0.45 -0.10 -0.09 -0.11 -0.07  0.18  0.01 0.337
sc.hw_4      0.15  0.30  0.20 -0.22 -0.06  0.11  0.36  0.05 -0.12 -0.07 0.371
sc.hw_5R    -0.04 -0.02 -0.17  0.43  0.04 -0.10 -0.28 -0.09  0.14  0.10 0.343
sc.hw_6R    -0.05 -0.19  0.08  0.33  0.11  0.12  0.04 -0.14  0.42  0.26 0.446
sc.hw_7R    -0.04 -0.13  0.04  0.57  0.04 -0.13 -0.23 -0.12  0.26 -0.12 0.522
sc.hw_8      0.12  0.06 -0.04 -0.26 -0.05 -0.06  0.36  0.14 -0.01  0.08 0.250
sc.hw_9R    -0.01 -0.21 -0.03  0.46 -0.11  0.01 -0.14 -0.23  0.28  0.02 0.424
sc.hw_10R   -0.02 -0.22 -0.02  0.41 -0.01  0.11 -0.18 -0.15  0.31 -0.12 0.393
dis_1R       0.43  0.25  0.17  0.10  0.02  0.06 -0.12  0.15 -0.12  0.18 0.370
dis_2R      -0.08 -0.32 -0.03  0.12 -0.12  0.03  0.10 -0.17  0.31  0.05 0.278
dis_3        0.08  0.09  0.18  0.03  0.02 -0.04  0.12 -0.12  0.05 -0.14 0.098
dis_4R      -0.15 -0.33  0.02  0.14  0.05  0.02  0.35 -0.12  0.29  0.10 0.387
dis_5       -0.29 -0.23 -0.22 -0.03  0.03 -0.15  0.17 -0.20  0.18  0.09 0.315
dis_6        0.39  0.16  0.07 -0.06 -0.06 -0.02 -0.11  0.17  0.07  0.04 0.241
tfl_1        0.54  0.08  0.41 -0.19  0.23  0.14 -0.14  0.17 -0.06  0.12 0.638
tfl_2        0.66  0.05  0.16 -0.03  0.22  0.18 -0.04  0.05 -0.08  0.01 0.564
tfl_3        0.54 -0.01  0.22 -0.03  0.18  0.10  0.23  0.04 -0.12 -0.05 0.459
tfl_4        0.32 -0.20  0.22  0.07  0.12  0.30  0.13 -0.19  0.01 -0.08 0.361
tfl_5        0.61 -0.06  0.24  0.08  0.19  0.29 -0.02 -0.09 -0.15 -0.07 0.601
tfl_6        0.65 -0.05  0.15 -0.04  0.14  0.34 -0.04  0.03 -0.21  0.02 0.624
tfl_7        0.56 -0.09  0.36 -0.07  0.16  0.15 -0.02  0.08 -0.01  0.15 0.539
tfl_8        0.58 -0.04  0.29  0.01  0.17  0.36  0.12  0.06 -0.19 -0.07 0.638
tfl_9        0.48 -0.06  0.24 -0.04  0.17  0.17  0.25  0.04 -0.10  0.18 0.451
tfl_10       0.30 -0.06  0.24  0.11  0.19  0.39  0.06 -0.08  0.03  0.25 0.425
tfl_11       0.51 -0.03  0.32  0.12  0.11  0.23  0.02 -0.07 -0.12  0.13 0.484
tfl_12       0.57 -0.04  0.25 -0.12  0.21  0.32 -0.11 -0.05 -0.21  0.16 0.636
tfl_13R     -0.25 -0.07 -0.28  0.28 -0.17 -0.08  0.19 -0.09  0.19 -0.05 0.338
tfl_14       0.43 -0.09  0.36  0.00  0.17  0.06  0.31  0.07 -0.19  0.14 0.517
tfl_15       0.45  0.02  0.27 -0.05  0.16  0.08  0.34  0.02 -0.25  0.20 0.530
tfl_16       0.32  0.10  0.62  0.15  0.00  0.20  0.19 -0.06 -0.13  0.01 0.609
tfl_17       0.49  0.09  0.33  0.17  0.02  0.20  0.04 -0.06 -0.33  0.01 0.538
tfl_18       0.56  0.05  0.33 -0.02  0.19  0.26 -0.10  0.02 -0.22  0.13 0.602
brs_1        0.40  0.14  0.33 -0.09 -0.05  0.11  0.06  0.11 -0.14 -0.08 0.354
brs_2       -0.14 -0.27 -0.20  0.27 -0.10 -0.03 -0.06 -0.17  0.35  0.12 0.386
brs_3        0.38  0.17  0.13 -0.12 -0.05 -0.16 -0.01 -0.01 -0.23 -0.16 0.312
brs_4       -0.21 -0.25 -0.26  0.32 -0.02  0.16 -0.12  0.04  0.34  0.02 0.432
brs_5        0.30  0.24  0.22 -0.06 -0.15 -0.15  0.05  0.05 -0.13 -0.09 0.273
brs_6       -0.21 -0.26 -0.18  0.28 -0.01  0.06  0.05  0.00  0.30  0.13 0.336
narc_1       0.15 -0.19 -0.05 -0.30  0.09 -0.01  0.14  0.22  0.09  0.13 0.253
narc_2       0.01  0.04 -0.13 -0.08  0.12  0.06  0.05 -0.01  0.00  0.03 0.045
narc_3      -0.01 -0.07  0.13  0.47 -0.01 -0.04 -0.01 -0.12  0.17  0.03 0.289
narc_4      -0.05 -0.10 -0.01  0.18 -0.23 -0.24  0.23  0.17  0.03  0.34 0.355
narc_5       0.16  0.02  0.08  0.02 -0.12  0.11  0.10  0.07  0.18  0.01 0.111
narc_6      -0.10 -0.13 -0.13  0.21 -0.05 -0.03  0.09 -0.35 -0.09  0.16 0.257
narc_7       0.07 -0.06 -0.09  0.05 -0.23 -0.16  0.18  0.16  0.06  0.12 0.175
narc_8       0.10  0.22  0.10 -0.05 -0.03  0.02  0.02  0.51  0.17 -0.14 0.378
narc_9       0.03 -0.02 -0.07 -0.08 -0.02 -0.03  0.05 -0.11  0.10  0.15 0.062
narc_10      0.13 -0.06  0.36 -0.03  0.04  0.09 -0.12  0.19 -0.04 -0.06 0.218
narc_11      0.10  0.00  0.04 -0.10 -0.08 -0.16 -0.10  0.14  0.00  0.10 0.092
narc_12      0.03  0.13 -0.12 -0.04 -0.15 -0.07  0.04  0.16  0.26  0.17 0.184
narc_13      0.10 -0.06  0.23 -0.06  0.20 -0.05  0.05  0.17 -0.10 -0.15 0.174
narc_14      0.04 -0.01 -0.14 -0.03 -0.07 -0.02  0.17  0.13  0.12  0.22 0.139
sc.now_1R   -0.06 -0.21  0.06  0.31 -0.12  0.08 -0.19  0.03  0.39  0.09 0.367
sc.now_4     0.25  0.17  0.43 -0.08  0.00  0.16  0.14 -0.05 -0.31 -0.04 0.428
sc.now_5R   -0.08 -0.07 -0.15  0.11 -0.13 -0.02 -0.31  0.08  0.61  0.22 0.583
sc.now_6R    0.07 -0.06 -0.01  0.19 -0.03  0.10 -0.05  0.06  0.60  0.12 0.432
sc.now_7R   -0.11 -0.12 -0.04  0.40  0.00 -0.01 -0.19 -0.01  0.48 -0.07 0.461
sc.now_8     0.32  0.10  0.01 -0.11 -0.02  0.05  0.39 -0.06 -0.34 -0.06 0.405
sc.now_9R   -0.06 -0.06 -0.09  0.07 -0.06 -0.11 -0.11  0.11  0.66 -0.15 0.517
sc.now_10R  -0.12  0.01 -0.14  0.15 -0.07 -0.09 -0.21  0.01  0.67 -0.04 0.563
              u2 com
val_1       0.55 2.1
val_2       0.74 4.9
val_3       0.90 3.2
val_4       0.63 1.8
val_5       0.67 2.5
val_6       0.69 4.6
val_7       0.70 1.8
val_8       0.79 5.5
val_9       0.71 3.3
val_10      0.64 3.7
val_11      0.79 4.1
val_12      0.82 4.9
val_13      0.68 1.8
val_14      0.76 4.4
val_15      0.49 4.5
val_16      0.64 1.9
val_17      0.65 1.6
val_18      0.93 2.4
val_19      0.80 3.6
val_20      0.84 4.4
val_21      0.52 3.5
uh_1        0.42 1.7
uh_2        0.46 1.7
uh_3        0.40 2.1
uh_4        0.50 1.4
uh_5        0.57 1.8
uh_6        0.45 1.4
uh_7        0.67 1.9
uh_8        0.66 2.0
uh_9        0.48 1.4
uh_10       0.70 2.5
uh_11       0.46 1.3
uh_12       0.57 1.7
uh_13       0.58 4.1
uh_14       0.50 1.5
uh_15       0.62 3.0
uh_16       0.59 4.2
uh_17       0.45 1.1
uh_18       0.43 1.3
uh_19       0.58 2.8
uh_20       0.39 1.2
ili_1       0.50 2.0
ili_2       0.60 2.1
ili_3       0.46 1.7
ili_4       0.46 2.0
ili_5       0.43 1.7
ili_6       0.64 2.1
ili_7       0.30 1.5
ili_8       0.48 1.9
ili_9       0.45 1.9
ili_10      0.51 1.7
ili_11      0.55 1.6
ili_12      0.47 1.6
ili_13      0.39 1.5
ili_14      0.55 2.0
ili_15      0.61 1.2
bfi_1       0.49 2.2
bfi_2R      0.46 1.6
bfi_3       0.52 4.6
bfi_4       0.45 3.9
bfi_5       0.45 3.4
bfi_6R      0.54 1.5
bfi_7       0.58 3.1
bfi_8R      0.50 1.5
bfi_9R      0.51 6.2
bfi_10      0.63 4.3
bfi_11      0.49 3.3
bfi_12R     0.52 1.7
bfi_13      0.57 3.1
bfi_14      0.68 4.4
bfi_15      0.59 4.6
bfi_16      0.42 2.9
bfi_17      0.60 2.4
bfi_18R     0.57 2.3
bfi_19      0.58 5.7
bfi_20      0.66 2.7
bfi_21R     0.37 1.6
bfi_22      0.69 3.0
bfi_23R     0.57 2.0
bfi_24R     0.53 6.0
bfi_25      0.41 2.1
bfi_26      0.55 5.3
bfi_27R     0.70 2.9
bfi_28      0.64 4.2
bfi_29      0.44 3.6
bfi_30      0.60 1.7
bfi_31R     0.53 2.2
bfi_32      0.55 2.3
bfi_33      0.51 3.6
bfi_34R     0.57 3.9
bfi_35R     0.65 1.3
bfi_36      0.39 1.7
bfi_37R     0.49 1.4
bfi_38      0.60 3.2
bfi_39      0.58 5.1
bfi_40      0.64 3.4
bfi_41R     0.77 2.9
bfi_42      0.56 6.6
bfi_43R     0.47 1.2
bfi_44      0.65 1.7
ffmq_1      0.76 2.3
ffmq_2      0.57 4.3
ffmq_3R     0.60 1.2
ffmq_4R     0.67 3.8
ffmq_5      0.62 3.7
ffmq_6      0.69 4.3
ffmq_7R     0.71 5.4
ffmq_8R     0.85 4.5
ffmq_9R     0.66 3.6
ffmq_10     0.85 2.9
ffmq_11     0.72 3.0
ffmq_12     0.72 4.0
ffmq_13R    0.75 1.4
ffmq_14R    0.67 4.0
ffmq_15     0.81 5.8
uh.vmi_1    0.46 5.4
uh.vmi_2    0.53 4.2
uh.vmi_3    0.58 4.8
uh.vmi_4    0.53 3.6
uh.vmi_5    0.45 3.7
uh.vmi_6    0.48 5.2
uh.vmi_7    0.50 3.3
uh.vmi_8    0.69 4.3
uh.vmi_9    0.58 3.2
auth_1      0.38 2.4
auth_2      0.37 2.8
auth_3      0.68 6.5
auth_4      0.55 2.7
auth_5      0.65 3.7
auth_6      0.46 2.9
auth_7      0.51 1.8
auth_8      0.59 1.9
auth_9      0.70 2.9
auth_10     0.54 1.5
auth_11     0.54 1.9
auth_12     0.42 2.0
auth_13     0.37 1.9
auth_14     0.64 2.0
grt_1       0.71 2.1
grt_2       0.81 4.1
grt_3       0.79 2.3
grt_4       0.57 4.8
hum_1       0.64 1.6
grt_5       0.58 2.1
grt_6       0.58 1.2
grt_7       0.57 2.7
grt_8       0.60 4.3
hum_2       0.56 1.9
chalFreq    0.66 5.8
leadChal_1  0.42 1.7
leadChal_2  0.38 1.6
leadChal_3  0.39 1.8
leadChal_4  0.45 1.7
leadChal_5  0.34 2.0
leadChal_6  0.46 1.4
leadChal_7  0.49 1.7
leadChal_8  0.50 1.6
leadChal_9  0.53 1.7
leadChal_10 0.45 3.4
leadChal_11 0.48 2.3
leadChal_12 0.46 1.6
leadChal_13 0.44 1.9
sc.hw_1R    0.54 2.2
sc.hw_2R    0.63 1.3
sc.hw_3R    0.66 2.5
sc.hw_4     0.63 4.5
sc.hw_5R    0.66 2.9
sc.hw_6R    0.55 4.0
sc.hw_7R    0.48 2.3
sc.hw_8     0.75 2.8
sc.hw_9R    0.58 3.1
sc.hw_10R   0.61 3.8
dis_1R      0.63 3.4
dis_2R      0.72 3.6
dis_3       0.90 5.1
dis_4R      0.61 4.2
dis_5       0.68 6.2
dis_6       0.76 2.2
tfl_1       0.36 3.5
tfl_2       0.44 1.6
tfl_3       0.54 2.3
tfl_4       0.64 5.3
tfl_5       0.40 2.3
tfl_6       0.38 2.1
tfl_7       0.46 2.5
tfl_8       0.36 2.9
tfl_9       0.55 3.3
tfl_10      0.58 4.5
tfl_11      0.52 2.8
tfl_12      0.36 3.3
tfl_13R     0.66 6.0
tfl_14      0.48 4.2
tfl_15      0.47 4.2
tfl_16      0.39 2.3
tfl_17      0.46 3.5
tfl_18      0.40 3.1
brs_1       0.65 3.2
brs_2       0.61 5.1
brs_3       0.69 3.8
brs_4       0.57 5.4
brs_5       0.73 5.0
brs_6       0.66 5.1
narc_1      0.75 4.8
narc_2      0.96 3.9
narc_3      0.71 1.7
narc_4      0.65 5.2
narc_5      0.89 5.2
narc_6      0.74 3.6
narc_7      0.83 5.5
narc_8      0.62 2.0
narc_9      0.94 4.5
narc_10     0.78 2.5
narc_11     0.91 5.9
narc_12     0.82 4.8
narc_13     0.83 5.2
narc_14     0.86 4.5
sc.now_1R   0.63 3.8
sc.now_4    0.57 3.8
sc.now_5R   0.42 2.3
sc.now_6R   0.57 1.5
sc.now_7R   0.54 2.6
sc.now_8    0.60 3.4
sc.now_9R   0.48 1.4
sc.now_10R  0.44 1.6

                        RC1   RC2  RC10  RC3  RC4  RC7  RC5  RC9  RC8  RC6
SS loadings           16.54 11.78 10.36 9.95 9.80 7.38 7.23 6.93 6.81 6.16
Proportion Var         0.07  0.05  0.05 0.04 0.04 0.03 0.03 0.03 0.03 0.03
Cumulative Var         0.07  0.13  0.17 0.22 0.26 0.29 0.33 0.36 0.39 0.41
Proportion Explained   0.18  0.13  0.11 0.11 0.11 0.08 0.08 0.07 0.07 0.07
Cumulative Proportion  0.18  0.30  0.42 0.52 0.63 0.71 0.79 0.86 0.93 1.00

Mean item complexity =  3
Test of the hypothesis that 10 components are sufficient.

The root mean square of the residuals (RMSR) is  0.06 
 with the empirical chi square  24568.47  with prob <  1.6e-16 

Fit based upon off diagonal values = 0.89