
Reliability analysis   
Call: alpha(x = get(scale), check.keys = TRUE)

  raw_alpha std.alpha G6(smc) average_r S/N   ase mean  sd
      0.88      0.88    0.88      0.47 7.1 0.014  4.2 1.2

 lower alpha upper     95% confidence boundaries
0.85 0.88 0.9 

 Reliability if an item is dropped:
       raw_alpha std.alpha G6(smc) average_r S/N alpha se    NA
bfi_1       0.85      0.85    0.85      0.45 5.8    0.016 0.013
bfi_6       0.86      0.86    0.87      0.47 6.3    0.015 0.016
bfi_11      0.87      0.87    0.87      0.48 6.5    0.015 0.014
bfi_16      0.86      0.86    0.86      0.47 6.2    0.015 0.017
bfi_21      0.85      0.85    0.85      0.45 5.6    0.017 0.012
bfi_26      0.88      0.88    0.88      0.52 7.4    0.013 0.011
bfi_31      0.86      0.86    0.86      0.47 6.2    0.016 0.016
bfi_36      0.85      0.85    0.85      0.45 5.6    0.016 0.013

 Item statistics 
         n raw.r std.r r.cor r.drop mean  sd
bfi_1  181  0.80  0.79  0.77   0.72  4.8 1.8
bfi_6  181  0.73  0.71  0.66   0.62  2.5 1.8
bfi_11 181  0.65  0.68  0.62   0.56  5.4 1.3
bfi_16 181  0.71  0.73  0.69   0.62  5.2 1.4
bfi_21 181  0.84  0.82  0.81   0.76  3.0 1.9
bfi_26 181  0.56  0.57  0.46   0.43  4.9 1.6
bfi_31 181  0.75  0.74  0.69   0.65  3.0 1.8
bfi_36 181  0.81  0.81  0.80   0.74  5.2 1.6

Non missing response frequency for each item
          0    1    2    3    4    5    6    7 miss
bfi_1  0.00 0.04 0.09 0.14 0.14 0.16 0.21 0.22    0
bfi_6  0.15 0.20 0.19 0.15 0.15 0.10 0.06 0.00    0
bfi_11 0.00 0.00 0.02 0.08 0.10 0.27 0.30 0.23    0
bfi_16 0.00 0.01 0.03 0.10 0.17 0.23 0.24 0.22    0
bfi_21 0.08 0.20 0.18 0.10 0.17 0.14 0.12 0.00    0
bfi_26 0.00 0.03 0.05 0.14 0.12 0.29 0.19 0.18    0
bfi_31 0.07 0.15 0.24 0.15 0.14 0.16 0.09 0.00    0
bfi_36 0.00 0.02 0.04 0.09 0.13 0.23 0.24 0.25    0
