
Reliability analysis   
Call: alpha(x = get(scale), check.keys = TRUE)

  raw_alpha std.alpha G6(smc) average_r S/N   ase mean  sd
      0.89      0.89    0.91      0.47   8 0.014  5.9 1.4

 lower alpha upper     95% confidence boundaries
0.86 0.89 0.91 

 Reliability if an item is dropped:
         raw_alpha std.alpha G6(smc) average_r S/N alpha se    NA
uh.vmi_1      0.87      0.87    0.89      0.46 6.9    0.016 0.014
uh.vmi_2      0.87      0.87    0.88      0.46 6.8    0.016 0.011
uh.vmi_3      0.88      0.88    0.90      0.48 7.4    0.015 0.017
uh.vmi_4      0.88      0.88    0.89      0.48 7.5    0.015 0.013
uh.vmi_5      0.87      0.87    0.89      0.46 6.7    0.017 0.016
uh.vmi_6      0.87      0.87    0.88      0.45 6.5    0.017 0.012
uh.vmi_7      0.88      0.88    0.88      0.48 7.3    0.015 0.013
uh.vmi_8      0.88      0.88    0.90      0.49 7.7    0.015 0.015
uh.vmi_9      0.88      0.88    0.90      0.48 7.4    0.015 0.018

 Item statistics 
           n raw.r std.r r.cor r.drop mean  sd
uh.vmi_1 150  0.75  0.76  0.73   0.68  6.2 1.8
uh.vmi_2 150  0.77  0.78  0.77   0.70  6.6 1.9
uh.vmi_3 150  0.69  0.68  0.63   0.59  5.8 2.0
uh.vmi_4 150  0.69  0.67  0.64   0.58  4.9 2.1
uh.vmi_5 150  0.80  0.79  0.76   0.72  5.8 2.1
uh.vmi_6 150  0.81  0.82  0.82   0.75  6.7 1.6
uh.vmi_7 150  0.71  0.70  0.68   0.62  4.8 2.1
uh.vmi_8 150  0.64  0.65  0.58   0.54  6.3 1.9
uh.vmi_9 150  0.69  0.69  0.63   0.60  5.9 1.9

Non missing response frequency for each item
            0    1    2    3    4    5    6    7    8 miss
uh.vmi_1 0.01 0.00 0.05 0.03 0.09 0.07 0.24 0.25 0.26    0
uh.vmi_2 0.02 0.01 0.03 0.01 0.06 0.04 0.17 0.23 0.43    0
uh.vmi_3 0.03 0.02 0.05 0.03 0.11 0.07 0.25 0.22 0.22    0
uh.vmi_4 0.03 0.04 0.07 0.09 0.18 0.15 0.20 0.09 0.14    0
uh.vmi_5 0.04 0.01 0.03 0.05 0.13 0.09 0.17 0.21 0.27    0
uh.vmi_6 0.01 0.01 0.01 0.01 0.07 0.07 0.21 0.18 0.44    0
uh.vmi_7 0.03 0.03 0.05 0.12 0.23 0.15 0.16 0.11 0.12    0
uh.vmi_8 0.01 0.01 0.04 0.04 0.10 0.07 0.17 0.21 0.37    0
uh.vmi_9 0.01 0.01 0.04 0.06 0.09 0.11 0.25 0.16 0.26    0
