
Reliability analysis   
Call: alpha(x = get(scale), check.keys = TRUE)

  raw_alpha std.alpha G6(smc) average_r S/N   ase mean  sd median_r
      0.89      0.89    0.91      0.49 8.5 0.013  5.9 1.4     0.47

 lower alpha upper     95% confidence boundaries
0.86 0.89 0.91 

 Reliability if an item is dropped:
         raw_alpha std.alpha G6(smc) average_r S/N alpha se var.r med.r
uh.vmi_1      0.87      0.88    0.90      0.48 7.4    0.015 0.017  0.46
uh.vmi_2      0.87      0.87    0.88      0.47 7.0    0.015 0.012  0.47
uh.vmi_3      0.87      0.89    0.90      0.49 7.7    0.014 0.019  0.46
uh.vmi_4      0.88      0.89    0.89      0.49 7.7    0.014 0.017  0.48
uh.vmi_5      0.87      0.88    0.89      0.48 7.3    0.015 0.017  0.47
uh.vmi_6      0.87      0.88    0.88      0.47 7.0    0.015 0.012  0.47
uh.vmi_7      0.88      0.89    0.90      0.50 8.0    0.014 0.017  0.49
uh.vmi_8      0.89      0.90    0.91      0.53 8.9    0.012 0.012  0.49
uh.vmi_9      0.87      0.88    0.89      0.48 7.4    0.015 0.020  0.46

 Item statistics 
           n raw.r std.r r.cor r.drop mean  sd
uh.vmi_1 181  0.75  0.77  0.73   0.68  6.3 1.8
uh.vmi_2 181  0.80  0.83  0.83   0.75  6.9 1.5
uh.vmi_3 181  0.72  0.72  0.66   0.63  5.9 1.9
uh.vmi_4 181  0.74  0.71  0.68   0.64  4.6 2.2
uh.vmi_5 181  0.78  0.78  0.75   0.70  6.1 2.0
uh.vmi_6 181  0.79  0.82  0.82   0.74  6.9 1.4
uh.vmi_7 181  0.71  0.68  0.64   0.60  4.7 2.1
uh.vmi_8 181  0.58  0.57  0.49   0.45  6.0 2.1
uh.vmi_9 181  0.76  0.76  0.72   0.68  6.0 1.8

Non missing response frequency for each item
            0    1    2    3    4    5    6    7    8 miss
uh.vmi_1 0.01 0.01 0.02 0.06 0.09 0.04 0.23 0.21 0.33    0
uh.vmi_2 0.01 0.01 0.01 0.00 0.04 0.04 0.17 0.24 0.47    0
uh.vmi_3 0.02 0.01 0.03 0.07 0.12 0.08 0.23 0.19 0.25    0
uh.vmi_4 0.05 0.05 0.10 0.10 0.15 0.15 0.18 0.10 0.11    0
uh.vmi_5 0.02 0.02 0.03 0.04 0.08 0.08 0.23 0.20 0.30    0
uh.vmi_6 0.01 0.01 0.01 0.02 0.04 0.03 0.19 0.22 0.49    0
uh.vmi_7 0.03 0.06 0.10 0.06 0.18 0.16 0.22 0.10 0.09    0
uh.vmi_8 0.02 0.01 0.07 0.03 0.10 0.07 0.20 0.17 0.33    0
uh.vmi_9 0.02 0.01 0.02 0.06 0.12 0.09 0.24 0.22 0.23    0
