
Reliability analysis   
Call: alpha(x = get(scale), check.keys = TRUE)

  raw_alpha std.alpha G6(smc) average_r S/N  ase mean   sd median_r
      0.75      0.77     0.8      0.25 3.3 0.03  4.8 0.77     0.28

 lower alpha upper     95% confidence boundaries
0.69 0.75 0.81 

 Reliability if an item is dropped:
        raw_alpha std.alpha G6(smc) average_r S/N alpha se var.r med.r
bfi_5        0.71      0.73    0.76      0.23 2.7    0.034 0.028  0.26
bfi_10       0.73      0.74    0.77      0.24 2.9    0.033 0.034  0.28
bfi_15       0.72      0.74    0.77      0.24 2.8    0.034 0.032  0.26
bfi_20       0.72      0.73    0.76      0.23 2.7    0.034 0.031  0.28
bfi_25       0.70      0.72    0.75      0.22 2.6    0.036 0.027  0.23
bfi_30       0.71      0.74    0.77      0.24 2.9    0.035 0.034  0.28
bfi_35-      0.78      0.80    0.82      0.31 4.1    0.026 0.018  0.30
bfi_40       0.72      0.74    0.77      0.24 2.8    0.034 0.031  0.23
bfi_41       0.75      0.77    0.80      0.27 3.4    0.030 0.032  0.29
bfi_44       0.74      0.76    0.78      0.26 3.1    0.032 0.033  0.29

 Item statistics 
          n raw.r std.r r.cor  r.drop mean  sd
bfi_5   150  0.64  0.67 0.651  0.5355  5.0 1.2
bfi_10  150  0.56  0.61 0.546  0.4561  6.0 1.1
bfi_15  150  0.60  0.63 0.579  0.4768  5.2 1.3
bfi_20  150  0.63  0.66 0.632  0.5141  5.4 1.3
bfi_25  150  0.72  0.75 0.741  0.6310  5.1 1.2
bfi_30  150  0.66  0.62 0.572  0.5193  4.4 1.6
bfi_35- 150  0.17  0.18 0.014 -0.0061  5.2 1.4
bfi_40  150  0.60  0.63 0.584  0.4898  5.4 1.1
bfi_41  150  0.48  0.43 0.311  0.2850  2.7 1.6
bfi_44  150  0.59  0.52 0.453  0.3997  3.6 1.8

Non missing response frequency for each item
          0    1    2    3    4    5    6    7 miss
bfi_5  0.00 0.01 0.02 0.07 0.23 0.33 0.25 0.10    0
bfi_10 0.00 0.00 0.01 0.03 0.05 0.19 0.35 0.37    0
bfi_15 0.00 0.01 0.02 0.09 0.18 0.23 0.31 0.16    0
bfi_20 0.00 0.00 0.04 0.05 0.08 0.33 0.30 0.21    0
bfi_25 0.00 0.00 0.03 0.07 0.19 0.31 0.29 0.11    0
bfi_30 0.00 0.05 0.11 0.10 0.21 0.28 0.17 0.09    0
bfi_35 0.17 0.34 0.23 0.12 0.10 0.04 0.00 0.00    0
bfi_40 0.00 0.01 0.01 0.03 0.12 0.29 0.39 0.15    0
bfi_41 0.08 0.17 0.25 0.19 0.15 0.09 0.07 0.00    0
bfi_44 0.00 0.14 0.21 0.14 0.17 0.17 0.10 0.08    0
