
Reliability analysis   
Call: alpha(x = get(scale), check.keys = TRUE)

  raw_alpha std.alpha G6(smc) average_r S/N   ase mean  sd
      0.86      0.86    0.87      0.41 6.3 0.017  5.2 1.3

 lower alpha upper     95% confidence boundaries
0.83 0.86 0.89 

 Reliability if an item is dropped:
      raw_alpha std.alpha G6(smc) average_r S/N alpha se
uh_4       0.85      0.85    0.85      0.42 5.9    0.018
uh_5       0.85      0.85    0.86      0.41 5.6    0.019
uh_10      0.85      0.85    0.86      0.41 5.7    0.019
uh_12      0.84      0.85    0.86      0.41 5.6    0.019
uh_13      0.85      0.86    0.86      0.43 5.9    0.018
uh_15      0.84      0.85    0.86      0.41 5.6    0.019
uh_16      0.85      0.85    0.85      0.42 5.8    0.019
uh_18      0.83      0.83    0.84      0.39 5.0    0.021
uh_19      0.85      0.85    0.85      0.42 5.7    0.019

 Item statistics 
        n raw.r std.r r.cor r.drop mean  sd
uh_4  150  0.64  0.64  0.60   0.52  4.9 2.0
uh_5  150  0.68  0.70  0.65   0.59  5.7 1.7
uh_10 150  0.69  0.69  0.63   0.58  5.5 2.1
uh_12 150  0.71  0.71  0.65   0.61  4.8 1.9
uh_13 150  0.61  0.64  0.57   0.52  6.3 1.5
uh_15 150  0.69  0.70  0.64   0.60  6.2 1.7
uh_16 150  0.69  0.66  0.62   0.57  4.7 2.2
uh_18 150  0.81  0.81  0.80   0.74  4.9 1.8
uh_19 150  0.71  0.68  0.64   0.59  4.0 2.2

Non missing response frequency for each item
         0    1    2    3    4    5    6    7    8 miss
uh_4  0.02 0.05 0.05 0.07 0.23 0.14 0.21 0.14 0.09    0
uh_5  0.01 0.00 0.04 0.07 0.09 0.15 0.33 0.14 0.17    0
uh_10 0.01 0.03 0.07 0.05 0.16 0.09 0.22 0.18 0.19    0
uh_12 0.02 0.05 0.05 0.12 0.20 0.15 0.21 0.13 0.07    0
uh_13 0.00 0.00 0.01 0.05 0.07 0.11 0.24 0.23 0.29    0
uh_15 0.00 0.01 0.03 0.05 0.13 0.06 0.27 0.15 0.31    0
uh_16 0.03 0.04 0.12 0.09 0.19 0.11 0.18 0.12 0.12    0
uh_18 0.01 0.03 0.08 0.09 0.23 0.20 0.15 0.13 0.09    0
uh_19 0.07 0.06 0.15 0.16 0.17 0.11 0.13 0.07 0.08    0
