
Reliability analysis   
Call: alpha(x = get(scale), check.keys = TRUE)

  raw_alpha std.alpha G6(smc) average_r S/N   ase mean   sd
      0.78       0.8    0.81      0.31 4.1 0.023  4.8 0.83

 lower alpha upper     95% confidence boundaries
0.74 0.78 0.83 

 Reliability if an item is dropped:
       raw_alpha std.alpha G6(smc) average_r S/N alpha se    NA
bfi_3       0.76      0.77    0.78      0.30 3.4    0.026 0.013
bfi_8       0.77      0.80    0.80      0.33 3.9    0.025 0.012
bfi_13      0.76      0.78    0.78      0.30 3.5    0.025 0.010
bfi_18      0.75      0.78    0.79      0.30 3.5    0.028 0.016
bfi_23      0.75      0.78    0.79      0.31 3.6    0.027 0.017
bfi_28      0.77      0.79    0.80      0.32 3.7    0.025 0.014
bfi_33      0.76      0.78    0.78      0.30 3.5    0.026 0.013
bfi_38      0.77      0.80    0.81      0.33 4.0    0.024 0.015
bfi_43      0.77      0.79    0.80      0.33 3.9    0.025 0.014

 Item statistics 
         n raw.r std.r r.cor r.drop mean   sd
bfi_3  181  0.63  0.70  0.67   0.54  5.9 0.98
bfi_8  181  0.62  0.54  0.46   0.45  3.4 1.72
bfi_13 181  0.59  0.68  0.65   0.51  6.2 0.89
bfi_18 181  0.73  0.67  0.62   0.57  3.6 1.84
bfi_23 181  0.68  0.64  0.58   0.54  4.0 1.58
bfi_28 181  0.54  0.60  0.53   0.43  6.0 1.10
bfi_33 181  0.61  0.68  0.64   0.52  5.8 0.93
bfi_38 181  0.49  0.54  0.44   0.37  5.6 1.09
bfi_43 181  0.64  0.56  0.49   0.46  2.7 1.73

Non missing response frequency for each item
          0    1    2    3    4    5    6    7 miss
bfi_3  0.00 0.00 0.01 0.02 0.05 0.18 0.44 0.30    0
bfi_8  0.03 0.12 0.22 0.13 0.17 0.22 0.12 0.00    0
bfi_13 0.00 0.00 0.01 0.00 0.02 0.14 0.37 0.46    0
bfi_18 0.05 0.10 0.18 0.13 0.13 0.22 0.19 0.00    0
bfi_23 0.02 0.06 0.13 0.15 0.20 0.25 0.19 0.00    0
bfi_28 0.00 0.00 0.02 0.03 0.03 0.21 0.35 0.36    0
bfi_33 0.00 0.00 0.01 0.02 0.05 0.24 0.46 0.22    0
bfi_38 0.00 0.00 0.02 0.04 0.07 0.25 0.44 0.19    0
bfi_43 0.10 0.18 0.27 0.14 0.10 0.17 0.05 0.00    0
