
Reliability analysis   
Call: alpha(x = get(scale), check.keys = TRUE)

  raw_alpha std.alpha G6(smc) average_r S/N   ase mean  sd
      0.88      0.88    0.89      0.41 7.5 0.013  4.9 1.2

 lower alpha upper     95% confidence boundaries
0.86 0.88 0.91 

 Reliability if an item is dropped:
      raw_alpha std.alpha G6(smc) average_r S/N alpha se     NA
uh_1       0.87      0.87    0.88      0.40 6.6    0.015 0.0114
uh_2       0.87      0.87    0.87      0.40 6.6    0.015 0.0108
uh_3       0.87      0.87    0.88      0.41 6.9    0.014 0.0121
uh_6       0.87      0.87    0.88      0.40 6.6    0.015 0.0101
uh_7       0.87      0.87    0.88      0.41 7.0    0.014 0.0115
uh_8       0.88      0.88    0.89      0.43 7.6    0.013 0.0091
uh_9       0.86      0.86    0.87      0.39 6.4    0.015 0.0097
uh_11      0.87      0.87    0.88      0.41 6.9    0.014 0.0118
uh_14      0.87      0.87    0.88      0.41 6.8    0.014 0.0101
uh_17      0.87      0.88    0.88      0.41 7.0    0.014 0.0112
uh_20      0.87      0.87    0.88      0.41 6.8    0.014 0.0127

 Item statistics 
        n raw.r std.r r.cor r.drop mean  sd
uh_1  181  0.72  0.73  0.70   0.65  5.0 1.7
uh_2  181  0.72  0.74  0.72   0.65  5.4 1.6
uh_3  181  0.66  0.65  0.60   0.57  5.0 1.9
uh_6  181  0.75  0.74  0.72   0.67  5.1 2.0
uh_7  181  0.64  0.65  0.61   0.55  5.5 1.7
uh_8  181  0.51  0.53  0.45   0.42  6.1 1.6
uh_9  181  0.78  0.78  0.77   0.72  4.7 1.7
uh_11 181  0.65  0.66  0.61   0.57  5.4 1.7
uh_14 181  0.70  0.68  0.65   0.61  3.9 2.1
uh_17 181  0.65  0.63  0.58   0.55  3.3 2.1
uh_20 181  0.67  0.68  0.64   0.59  4.9 1.6

Non missing response frequency for each item
         0    1    2    3    4    5    6    7    8 miss
uh_1  0.02 0.01 0.07 0.11 0.21 0.08 0.34 0.12 0.05    0
uh_2  0.00 0.01 0.04 0.12 0.12 0.14 0.31 0.20 0.07    0
uh_3  0.02 0.02 0.06 0.11 0.23 0.12 0.22 0.14 0.09    0
uh_6  0.03 0.02 0.07 0.10 0.17 0.13 0.20 0.17 0.12    0
uh_7  0.00 0.02 0.05 0.08 0.14 0.13 0.30 0.18 0.11    0
uh_8  0.00 0.00 0.03 0.04 0.10 0.12 0.24 0.23 0.23    0
uh_9  0.01 0.02 0.12 0.09 0.24 0.16 0.21 0.13 0.04    0
uh_11 0.00 0.01 0.04 0.08 0.18 0.15 0.27 0.16 0.10    0
uh_14 0.05 0.08 0.13 0.20 0.20 0.08 0.15 0.06 0.05    0
uh_17 0.08 0.12 0.20 0.17 0.18 0.08 0.09 0.04 0.04    0
uh_20 0.01 0.01 0.03 0.13 0.22 0.19 0.24 0.12 0.04    0
