
Reliability analysis   
Call: alpha(x = get(scale), check.keys = TRUE)

  raw_alpha std.alpha G6(smc) average_r S/N   ase mean   sd
       0.9       0.9    0.93      0.38 9.3 0.011  5.5 0.69

 lower alpha upper     95% confidence boundaries
0.88 0.9 0.92 

 Reliability if an item is dropped:
       raw_alpha std.alpha G6(smc) average_r S/N alpha se
tfl_1       0.89      0.90    0.92      0.38 8.7    0.012
tfl_7       0.89      0.89    0.92      0.38 8.5    0.012
tfl_13      0.89      0.90    0.92      0.38 8.7    0.012
tfl_2       0.90      0.90    0.92      0.39 8.8    0.011
tfl_8       0.89      0.89    0.92      0.37 8.2    0.012
tfl_14      0.89      0.90    0.92      0.38 8.6    0.012
tfl_3       0.90      0.90    0.92      0.39 8.8    0.011
tfl_9       0.90      0.90    0.92      0.39 9.0    0.011
tfl_15      0.90      0.90    0.93      0.40 9.3    0.011
tfl_4       0.90      0.90    0.92      0.39 9.1    0.011
tfl_10      0.89      0.90    0.92      0.38 8.7    0.012
tfl_16      0.89      0.89    0.92      0.38 8.4    0.012
tfl_5       0.89      0.89    0.92      0.37 8.4    0.012
tfl_11      0.89      0.89    0.92      0.37 8.3    0.012
tfl_17      0.89      0.89    0.92      0.37 8.4    0.012

 Item statistics 
         n raw.r std.r r.cor r.drop mean   sd
tfl_1  187  0.65  0.65  0.63   0.58  5.6 1.05
tfl_7  187  0.69  0.70  0.68   0.64  5.8 1.02
tfl_13 187  0.65  0.64  0.62   0.57  4.8 1.17
tfl_2  187  0.60  0.60  0.56   0.53  5.6 0.99
tfl_8  187  0.75  0.76  0.74   0.70  6.0 0.97
tfl_14 187  0.66  0.65  0.62   0.59  5.3 1.08
tfl_3  187  0.60  0.60  0.58   0.53  5.3 1.10
tfl_9  187  0.57  0.57  0.55   0.50  5.3 1.04
tfl_15 187  0.50  0.50  0.46   0.42  5.0 1.07
tfl_4  187  0.56  0.55  0.51   0.47  5.1 1.27
tfl_10 187  0.64  0.64  0.61   0.58  5.4 1.10
tfl_16 187  0.71  0.71  0.69   0.66  5.5 0.99
tfl_5  187  0.71  0.72  0.70   0.66  5.9 1.04
tfl_11 187  0.75  0.75  0.74   0.70  5.9 0.93
tfl_17 187  0.72  0.72  0.70   0.66  5.8 1.11

Non missing response frequency for each item
          0    1    2    3    4    5    6    7 miss
tfl_1  0.00 0.01 0.01 0.02 0.09 0.26 0.44 0.17    0
tfl_7  0.00 0.01 0.00 0.02 0.07 0.24 0.41 0.26    0
tfl_13 0.01 0.02 0.02 0.08 0.16 0.45 0.26 0.00    0
tfl_2  0.00 0.00 0.00 0.04 0.10 0.24 0.48 0.15    0
tfl_8  0.00 0.01 0.00 0.01 0.07 0.14 0.44 0.34    0
tfl_14 0.00 0.01 0.01 0.04 0.17 0.33 0.34 0.11    0
tfl_3  0.00 0.00 0.01 0.05 0.14 0.34 0.33 0.13    0
tfl_9  0.00 0.00 0.01 0.02 0.22 0.32 0.30 0.13    0
tfl_15 0.00 0.01 0.01 0.06 0.21 0.41 0.23 0.07    0
tfl_4  0.00 0.01 0.04 0.07 0.14 0.33 0.29 0.12    0
tfl_10 0.00 0.00 0.01 0.05 0.15 0.24 0.41 0.15    0
tfl_16 0.00 0.01 0.01 0.02 0.12 0.28 0.46 0.11    0
tfl_5  0.00 0.01 0.02 0.00 0.06 0.19 0.46 0.27    0
tfl_11 0.00 0.01 0.00 0.00 0.09 0.17 0.50 0.24    0
tfl_17 0.00 0.01 0.01 0.02 0.10 0.17 0.41 0.29    0
