
Reliability analysis   
Call: alpha(x = get(scale), check.keys = TRUE)

  raw_alpha std.alpha G6(smc) average_r S/N   ase mean   sd median_r
      0.77      0.78    0.78      0.28 3.5 0.025  5.7 0.83     0.28

 lower alpha upper     95% confidence boundaries
0.72 0.77 0.82 

 Reliability if an item is dropped:
       raw_alpha std.alpha G6(smc) average_r S/N alpha se var.r med.r
bfi_2       0.75      0.76    0.76      0.28 3.2    0.028 0.014  0.27
bfi_7       0.75      0.75    0.75      0.27 3.0    0.028 0.011  0.28
bfi_12      0.75      0.76    0.76      0.28 3.1    0.028 0.012  0.28
bfi_17      0.77      0.77    0.77      0.30 3.4    0.025 0.013  0.29
bfi_22      0.77      0.78    0.78      0.31 3.6    0.025 0.011  0.32
bfi_27      0.76      0.76    0.76      0.29 3.2    0.027 0.013  0.28
bfi_32      0.73      0.74    0.74      0.26 2.8    0.029 0.011  0.23
bfi_37      0.73      0.74    0.74      0.27 2.9    0.030 0.010  0.26
bfi_42      0.75      0.76    0.76      0.28 3.1    0.027 0.014  0.29

 Item statistics 
         n raw.r std.r r.cor r.drop mean  sd
bfi_2  181  0.63  0.60  0.52   0.47  5.1 1.6
bfi_7  181  0.61  0.65  0.61   0.50  5.8 1.1
bfi_12 181  0.62  0.60  0.53   0.48  6.5 1.5
bfi_17 181  0.50  0.52  0.42   0.35  5.6 1.3
bfi_22 181  0.45  0.47  0.35   0.29  5.9 1.3
bfi_27 181  0.62  0.57  0.49   0.45  5.4 1.7
bfi_32 181  0.70  0.72  0.69   0.60  5.8 1.2
bfi_37 181  0.70  0.68  0.64   0.57  5.6 1.6
bfi_42 181  0.57  0.61  0.54   0.46  5.8 1.1

Non missing response frequency for each item
          1    2    3    4    5    6    7    8 miss
bfi_2  0.00 0.06 0.10 0.21 0.22 0.18 0.17 0.06    0
bfi_7  0.01 0.01 0.04 0.05 0.22 0.41 0.27 0.00    0
bfi_12 0.00 0.01 0.02 0.11 0.11 0.17 0.29 0.30    0
bfi_17 0.01 0.02 0.08 0.07 0.20 0.33 0.30 0.00    0
bfi_22 0.01 0.02 0.04 0.06 0.12 0.39 0.37 0.00    0
bfi_27 0.00 0.06 0.09 0.18 0.18 0.18 0.22 0.09    0
bfi_32 0.00 0.01 0.06 0.06 0.18 0.36 0.33 0.00    0
bfi_37 0.00 0.02 0.09 0.23 0.12 0.16 0.28 0.11    0
bfi_42 0.01 0.01 0.03 0.07 0.16 0.48 0.25 0.00    0
