
Reliability analysis   
Call: alpha(x = get(scale), check.keys = TRUE)

  raw_alpha std.alpha G6(smc) average_r S/N    ase mean   sd
      0.92      0.92    0.92      0.52  12 0.0086  3.2 0.79

 lower alpha upper     95% confidence boundaries
0.91 0.92 0.94 

 Reliability if an item is dropped:
      raw_alpha std.alpha G6(smc) average_r S/N alpha se
uh_1       0.91      0.91    0.91      0.51  10   0.0097
uh_2       0.92      0.92    0.92      0.53  11   0.0091
uh_3       0.92      0.92    0.92      0.52  11   0.0093
uh_6       0.91      0.91    0.91      0.50  10   0.0100
uh_7       0.92      0.92    0.92      0.52  11   0.0092
uh_8       0.92      0.92    0.92      0.54  12   0.0086
uh_9       0.91      0.91    0.91      0.51  10   0.0099
uh_11      0.92      0.92    0.92      0.53  11   0.0091
uh_14      0.91      0.91    0.91      0.51  10   0.0098
uh_17      0.92      0.92    0.92      0.53  11   0.0091
uh_20      0.91      0.91    0.91      0.51  10   0.0098

 Item statistics 
        n raw.r std.r r.cor r.drop mean   sd
uh_1  179  0.79  0.79  0.77   0.74  3.1 1.07
uh_2  179  0.68  0.70  0.65   0.62  3.4 0.87
uh_3  179  0.73  0.73  0.70   0.67  3.1 1.00
uh_6  179  0.83  0.83  0.82   0.78  3.2 1.11
uh_7  179  0.72  0.72  0.69   0.65  3.5 1.01
uh_8  179  0.63  0.64  0.59   0.55  3.7 1.07
uh_9  179  0.82  0.82  0.81   0.77  3.1 1.15
uh_11 179  0.70  0.70  0.65   0.63  3.3 1.06
uh_14 179  0.80  0.80  0.78   0.75  2.9 1.14
uh_17 179  0.72  0.71  0.67   0.64  2.6 1.15
uh_20 179  0.81  0.81  0.80   0.77  3.2 1.00

Non missing response frequency for each item
         1    2    3    4    5 miss
uh_1  0.07 0.23 0.27 0.36 0.07    0
uh_2  0.01 0.16 0.30 0.47 0.06    0
uh_3  0.06 0.24 0.31 0.34 0.05    0
uh_6  0.08 0.20 0.26 0.37 0.10    0
uh_7  0.02 0.18 0.24 0.42 0.14    0
uh_8  0.03 0.13 0.21 0.39 0.24    0
uh_9  0.09 0.25 0.22 0.35 0.08    0
uh_11 0.04 0.23 0.26 0.36 0.11    0
uh_14 0.13 0.27 0.22 0.32 0.05    0
uh_17 0.20 0.28 0.24 0.25 0.03    0
uh_20 0.03 0.24 0.28 0.37 0.07    0
