
Reliability analysis   
Call: alpha(x = get(scale), check.keys = TRUE)

  raw_alpha std.alpha G6(smc) average_r S/N  ase mean   sd
      0.91      0.92    0.94      0.43  11 0.01  5.4 0.74

 lower alpha upper     95% confidence boundaries
0.89 0.91 0.93 

 Reliability if an item is dropped:
       raw_alpha std.alpha G6(smc) average_r S/N alpha se
tfl_1       0.91      0.91    0.93      0.43  10   0.0107
tfl_7       0.91      0.91    0.93      0.42  10   0.0111
tfl_13      0.92      0.92    0.94      0.45  12   0.0097
tfl_2       0.91      0.91    0.93      0.42  10   0.0111
tfl_8       0.91      0.91    0.93      0.42  10   0.0111
tfl_14      0.91      0.91    0.93      0.42  10   0.0109
tfl_3       0.91      0.91    0.93      0.43  10   0.0108
tfl_9       0.91      0.91    0.93      0.42  10   0.0109
tfl_15      0.91      0.91    0.93      0.42  10   0.0109
tfl_4       0.91      0.92    0.93      0.44  11   0.0100
tfl_10      0.91      0.92    0.93      0.44  11   0.0102
tfl_16      0.91      0.91    0.93      0.43  11   0.0106
tfl_5       0.91      0.91    0.92      0.42  10   0.0111
tfl_11      0.91      0.91    0.93      0.42  10   0.0109
tfl_17      0.91      0.91    0.93      0.42  10   0.0108

 Item statistics 
         n raw.r std.r r.cor r.drop mean   sd
tfl_1  157  0.68  0.68  0.66   0.62  5.6 1.08
tfl_7  157  0.76  0.76  0.74   0.71  5.8 1.04
tfl_13 157  0.45  0.44  0.38   0.36  4.7 1.18
tfl_2  157  0.76  0.76  0.74   0.71  5.5 1.05
tfl_8  157  0.76  0.76  0.75   0.72  5.9 0.99
tfl_14 157  0.72  0.71  0.70   0.66  5.0 1.24
tfl_3  157  0.70  0.69  0.67   0.64  5.2 1.13
tfl_9  157  0.72  0.72  0.70   0.67  5.2 1.12
tfl_15 157  0.72  0.72  0.70   0.67  4.9 1.11
tfl_4  157  0.56  0.55  0.52   0.48  5.2 1.29
tfl_10 157  0.55  0.55  0.51   0.48  5.5 1.07
tfl_16 157  0.66  0.66  0.62   0.60  5.4 1.08
tfl_5  157  0.76  0.77  0.77   0.72  5.7 1.00
tfl_11 157  0.73  0.74  0.73   0.69  5.9 0.85
tfl_17 157  0.69  0.70  0.68   0.64  5.7 1.07

Non missing response frequency for each item
          0    1    2    3    4    5    6    7 miss
tfl_1  0.00 0.00 0.01 0.03 0.11 0.24 0.40 0.21    0
tfl_7  0.00 0.00 0.01 0.00 0.09 0.28 0.33 0.29    0
tfl_13 0.01 0.03 0.02 0.07 0.24 0.40 0.24 0.00    0
tfl_2  0.00 0.01 0.01 0.02 0.10 0.31 0.39 0.17    0
tfl_8  0.00 0.00 0.01 0.02 0.04 0.18 0.49 0.25    0
tfl_14 0.00 0.01 0.03 0.08 0.20 0.30 0.30 0.08    0
tfl_3  0.00 0.00 0.01 0.06 0.17 0.32 0.31 0.12    0
tfl_9  0.00 0.01 0.01 0.05 0.16 0.34 0.32 0.11    0
tfl_15 0.00 0.01 0.01 0.08 0.27 0.38 0.18 0.08    0
tfl_4  0.00 0.00 0.04 0.06 0.18 0.29 0.27 0.17    0
tfl_10 0.00 0.00 0.01 0.04 0.10 0.29 0.41 0.15    0
tfl_16 0.00 0.01 0.01 0.03 0.15 0.32 0.36 0.12    0
tfl_5  0.00 0.00 0.01 0.01 0.07 0.29 0.39 0.23    0
tfl_11 0.00 0.00 0.01 0.00 0.04 0.23 0.50 0.22    0
tfl_17 0.00 0.00 0.01 0.01 0.11 0.26 0.35 0.25    0
