
Reliability analysis   
Call: alpha(x = get(scale), check.keys = TRUE)

  raw_alpha std.alpha G6(smc) average_r S/N   ase mean  sd
      0.79      0.79    0.83      0.28 3.9 0.023  4.8 0.8

 lower alpha upper     95% confidence boundaries
0.74 0.79 0.83 

 Reliability if an item is dropped:
       raw_alpha std.alpha G6(smc) average_r S/N alpha se    NA
bfi_5       0.76      0.76    0.79      0.26 3.2    0.026 0.032
bfi_10      0.77      0.77    0.80      0.27 3.3    0.025 0.035
bfi_15      0.77      0.78    0.81      0.28 3.5    0.025 0.035
bfi_20      0.76      0.76    0.80      0.26 3.2    0.026 0.032
bfi_25      0.76      0.76    0.79      0.26 3.2    0.026 0.033
bfi_30      0.76      0.77    0.80      0.27 3.3    0.027 0.034
bfi_35      0.82      0.83    0.85      0.34 4.7    0.020 0.018
bfi_40      0.77      0.78    0.81      0.28 3.5    0.024 0.036
bfi_41      0.78      0.78    0.82      0.29 3.6    0.024 0.036
bfi_44      0.75      0.76    0.79      0.27 3.3    0.027 0.034

 Item statistics 
         n raw.r std.r r.cor r.drop mean  sd
bfi_5  179  0.69  0.71 0.689  0.594  5.1 1.2
bfi_10 179  0.60  0.65 0.600  0.512  5.9 1.0
bfi_15 179  0.55  0.57 0.496  0.428  5.3 1.3
bfi_20 179  0.67  0.70 0.667  0.565  5.6 1.3
bfi_25 179  0.66  0.69 0.664  0.556  5.0 1.3
bfi_30 179  0.68  0.64 0.610  0.553  4.9 1.5
bfi_35 179  0.19  0.19 0.031  0.028  2.8 1.3
bfi_40 179  0.55  0.58 0.509  0.429  5.4 1.2
bfi_41 179  0.59  0.54 0.465  0.429  4.0 1.6
bfi_44 179  0.72  0.67 0.650  0.585  4.1 1.7

Non missing response frequency for each item
          1    2    3    4    5    6    7 miss
bfi_5  0.02 0.02 0.06 0.15 0.37 0.30 0.08    0
bfi_10 0.00 0.01 0.04 0.04 0.16 0.46 0.30    0
bfi_15 0.00 0.04 0.04 0.17 0.27 0.31 0.17    0
bfi_20 0.01 0.03 0.03 0.08 0.22 0.40 0.23    0
bfi_25 0.02 0.02 0.07 0.16 0.34 0.31 0.09    0
bfi_30 0.02 0.07 0.09 0.13 0.29 0.26 0.13    0
bfi_35 0.15 0.32 0.30 0.12 0.07 0.04 0.01    0
bfi_40 0.00 0.03 0.08 0.04 0.28 0.40 0.17    0
bfi_41 0.06 0.17 0.19 0.14 0.26 0.13 0.06    0
bfi_44 0.07 0.17 0.13 0.17 0.23 0.15 0.07    0
