
Reliability analysis   
Call: alpha(x = get(scale), check.keys = TRUE)

  raw_alpha std.alpha G6(smc) average_r S/N   ase mean   sd
      0.85      0.85    0.86      0.37 5.8 0.016  2.4 0.71

 lower alpha upper     95% confidence boundaries
0.82 0.85 0.89 

 Reliability if an item is dropped:
         raw_alpha std.alpha G6(smc) average_r S/N alpha se    NA
sc.hw_1       0.83      0.83    0.84      0.36 5.0    0.018 0.019
sc.hw_2       0.84      0.84    0.85      0.37 5.2    0.018 0.018
sc.hw_3       0.83      0.83    0.84      0.36 5.0    0.018 0.014
sc.hw_4       0.86      0.85    0.86      0.40 5.9    0.016 0.015
sc.hw_5       0.84      0.84    0.84      0.36 5.1    0.018 0.017
sc.hw_6       0.84      0.84    0.85      0.37 5.3    0.017 0.019
sc.hw_7       0.84      0.84    0.85      0.37 5.3    0.018 0.016
sc.hw_8       0.86      0.86    0.86      0.40 6.0    0.016 0.012
sc.hw_9       0.83      0.83    0.83      0.34 4.7    0.019 0.015
sc.hw_10      0.83      0.83    0.84      0.36 5.0    0.019 0.015

 Item statistics 
           n raw.r std.r r.cor r.drop mean   sd
sc.hw_1  179  0.72  0.72  0.69   0.63  1.7 1.09
sc.hw_2  179  0.67  0.66  0.61   0.56  2.0 1.17
sc.hw_3  179  0.72  0.72  0.70   0.64  2.9 1.08
sc.hw_4  179  0.49  0.50  0.42   0.37  3.0 1.04
sc.hw_5  179  0.69  0.69  0.65   0.60  2.3 1.05
sc.hw_6  179  0.63  0.63  0.57   0.53  1.7 1.06
sc.hw_7  179  0.66  0.65  0.60   0.55  2.4 1.15
sc.hw_8  179  0.47  0.48  0.40   0.35  2.5 0.99
sc.hw_9  179  0.78  0.78  0.77   0.71  2.6 1.08
sc.hw_10 179  0.73  0.72  0.69   0.64  2.5 1.12

Non missing response frequency for each item
            0    1    2    3    4    5 miss
sc.hw_1  0.16 0.33 0.23 0.26 0.02 0.00    0
sc.hw_2  0.11 0.26 0.25 0.29 0.09 0.00    0
sc.hw_3  0.03 0.10 0.15 0.37 0.36 0.00    0
sc.hw_4  0.00 0.06 0.31 0.28 0.28 0.06    0
sc.hw_5  0.04 0.22 0.25 0.40 0.09 0.00    0
sc.hw_6  0.12 0.35 0.25 0.26 0.03 0.00    0
sc.hw_7  0.08 0.16 0.22 0.40 0.15 0.00    0
sc.hw_8  0.00 0.14 0.40 0.28 0.15 0.02    0
sc.hw_9  0.03 0.15 0.18 0.42 0.22 0.00    0
sc.hw_10 0.06 0.16 0.21 0.41 0.16 0.00    0
