
Reliability analysis   
Call: alpha(x = get(scale), check.keys = TRUE)

  raw_alpha std.alpha G6(smc) average_r S/N    ase mean   sd
      0.94      0.94    0.95      0.38  15 0.0067  3.4 0.67

 lower alpha upper     95% confidence boundaries
0.92 0.94 0.95 

 Reliability if an item is dropped:
      raw_alpha std.alpha G6(smc) average_r S/N alpha se    NA
uh_1       0.93      0.93    0.95      0.37  14   0.0071 0.013
uh_2       0.93      0.93    0.95      0.37  14   0.0071 0.015
uh_3       0.93      0.93    0.95      0.37  14   0.0071 0.014
uh_4       0.94      0.94    0.95      0.38  15   0.0069 0.015
uh_5       0.93      0.93    0.95      0.37  14   0.0070 0.015
uh_6       0.93      0.93    0.95      0.37  14   0.0071 0.013
uh_7       0.93      0.93    0.95      0.37  14   0.0071 0.014
uh_8       0.93      0.93    0.95      0.37  14   0.0070 0.015
uh_9       0.93      0.93    0.95      0.37  14   0.0072 0.013
uh_10      0.94      0.94    0.95      0.38  15   0.0069 0.015
uh_11      0.93      0.93    0.95      0.37  14   0.0071 0.015
uh_12      0.94      0.94    0.95      0.38  15   0.0069 0.015
uh_13      0.94      0.94    0.95      0.38  15   0.0068 0.014
uh_14      0.93      0.93    0.95      0.37  14   0.0071 0.013
uh_15      0.94      0.94    0.95      0.38  15   0.0068 0.015
uh_16      0.94      0.94    0.95      0.38  14   0.0069 0.015
uh_17      0.94      0.94    0.95      0.38  14   0.0070 0.014
uh_18      0.93      0.93    0.95      0.37  14   0.0070 0.015
uh_19      0.94      0.94    0.95      0.38  15   0.0068 0.015
uh_20      0.93      0.93    0.95      0.37  14   0.0071 0.013
uh_21      0.93      0.93    0.95      0.37  14   0.0070 0.014
uh_22      0.93      0.93    0.95      0.37  14   0.0070 0.015
uh_23      0.94      0.94    0.95      0.39  15   0.0066 0.011
uh_24      0.93      0.94    0.95      0.38  14   0.0070 0.015
uh_25      0.94      0.94    0.95      0.38  15   0.0068 0.014

 Item statistics 
        n raw.r std.r r.cor r.drop mean   sd
uh_1  179  0.70  0.70  0.69   0.66  3.1 1.07
uh_2  179  0.70  0.71  0.70   0.67  3.4 0.87
uh_3  179  0.68  0.68  0.67   0.65  3.1 1.00
uh_4  179  0.60  0.60  0.58   0.55  3.3 1.10
uh_5  179  0.67  0.67  0.66   0.63  3.6 1.02
uh_6  179  0.73  0.73  0.73   0.70  3.2 1.11
uh_7  179  0.70  0.70  0.69   0.67  3.5 1.01
uh_8  179  0.65  0.65  0.63   0.61  3.7 1.07
uh_9  179  0.76  0.75  0.75   0.72  3.1 1.15
uh_10 179  0.60  0.60  0.58   0.55  3.7 1.08
uh_11 179  0.70  0.70  0.68   0.66  3.3 1.06
uh_12 179  0.60  0.59  0.57   0.55  3.3 1.13
uh_13 179  0.50  0.51  0.48   0.45  4.1 0.92
uh_14 179  0.71  0.70  0.69   0.67  2.9 1.14
uh_15 179  0.56  0.56  0.55   0.51  4.0 1.02
uh_16 179  0.62  0.62  0.60   0.58  3.4 1.14
uh_17 179  0.63  0.62  0.60   0.59  2.6 1.15
uh_18 179  0.67  0.67  0.65   0.63  3.4 1.02
uh_19 179  0.54  0.53  0.51   0.49  3.0 1.21
uh_20 179  0.72  0.72  0.71   0.69  3.2 1.00
uh_21 179  0.68  0.68  0.67   0.64  3.5 1.06
uh_22 179  0.64  0.64  0.62   0.60  3.5 1.16
uh_23 179  0.34  0.35  0.32   0.29  4.5 0.88
uh_24 179  0.63  0.63  0.61   0.59  3.2 1.05
uh_25 179  0.51  0.51  0.48   0.46  3.3 1.12

Non missing response frequency for each item
         1    2    3    4    5 miss
uh_1  0.07 0.23 0.27 0.36 0.07    0
uh_2  0.01 0.16 0.30 0.47 0.06    0
uh_3  0.06 0.24 0.31 0.34 0.05    0
uh_4  0.07 0.18 0.25 0.39 0.11    0
uh_5  0.02 0.15 0.23 0.41 0.18    0
uh_6  0.08 0.20 0.26 0.37 0.10    0
uh_7  0.02 0.18 0.24 0.42 0.14    0
uh_8  0.03 0.13 0.21 0.39 0.24    0
uh_9  0.09 0.25 0.22 0.35 0.08    0
uh_10 0.03 0.12 0.17 0.41 0.26    0
uh_11 0.04 0.23 0.26 0.36 0.11    0
uh_12 0.07 0.20 0.20 0.41 0.13    0
uh_13 0.01 0.07 0.12 0.44 0.37    0
uh_14 0.13 0.27 0.22 0.32 0.05    0
uh_15 0.02 0.09 0.13 0.37 0.38    0
uh_16 0.06 0.17 0.23 0.36 0.17    0
uh_17 0.20 0.28 0.24 0.25 0.03    0
uh_18 0.02 0.22 0.22 0.42 0.12    0
uh_19 0.13 0.25 0.20 0.34 0.08    0
uh_20 0.03 0.24 0.28 0.37 0.07    0
uh_21 0.04 0.16 0.22 0.44 0.13    0
uh_22 0.07 0.14 0.22 0.37 0.19    0
uh_23 0.01 0.05 0.04 0.26 0.64    0
uh_24 0.04 0.27 0.25 0.35 0.09    0
uh_25 0.06 0.25 0.18 0.40 0.11    0
