
Reliability analysis   
Call: alpha(x = get(scale), check.keys = TRUE)

  raw_alpha std.alpha G6(smc) average_r S/N   ase mean  sd
      0.86      0.86    0.88      0.44 6.4 0.016  4.6 1.1

 lower alpha upper     95% confidence boundaries
0.83 0.86 0.9 

 Reliability if an item is dropped:
       raw_alpha std.alpha G6(smc) average_r S/N alpha se    NA
bfi_1       0.84      0.84    0.85      0.42 5.2    0.020 0.021
bfi_6       0.86      0.86    0.87      0.46 6.0    0.018 0.017
bfi_11      0.85      0.85    0.86      0.45 5.7    0.018 0.024
bfi_16      0.85      0.85    0.86      0.44 5.5    0.018 0.026
bfi_21      0.83      0.83    0.84      0.41 4.9    0.021 0.019
bfi_26      0.87      0.87    0.88      0.50 6.9    0.016 0.013
bfi_31      0.85      0.85    0.86      0.44 5.6    0.019 0.024
bfi_36      0.84      0.84    0.85      0.42 5.1    0.020 0.024

 Item statistics 
         n raw.r std.r r.cor r.drop mean  sd
bfi_1  150  0.80  0.79  0.77   0.71  4.6 1.8
bfi_6  150  0.67  0.65  0.60   0.55  3.6 1.7
bfi_11 150  0.67  0.70  0.64   0.58  5.3 1.3
bfi_16 150  0.71  0.74  0.69   0.62  5.2 1.4
bfi_21 150  0.85  0.83  0.83   0.77  3.9 1.8
bfi_26 150  0.51  0.52  0.42   0.37  5.1 1.5
bfi_31 150  0.73  0.71  0.68   0.62  4.2 1.7
bfi_36 150  0.79  0.79  0.76   0.71  5.2 1.4

Non missing response frequency for each item
          1    2    3    4    5    6    7 miss
bfi_1  0.04 0.13 0.09 0.21 0.17 0.21 0.17    0
bfi_6  0.07 0.25 0.21 0.15 0.14 0.13 0.05    0
bfi_11 0.01 0.03 0.04 0.17 0.25 0.30 0.20    0
bfi_16 0.01 0.02 0.11 0.14 0.23 0.32 0.16    0
bfi_21 0.08 0.21 0.14 0.21 0.14 0.13 0.09    0
bfi_26 0.01 0.07 0.08 0.13 0.25 0.29 0.17    0
bfi_31 0.03 0.17 0.21 0.16 0.15 0.19 0.09    0
bfi_36 0.01 0.06 0.07 0.12 0.27 0.30 0.18    0
