
Reliability analysis   
Call: alpha(x = get(scale), check.keys = TRUE)

  raw_alpha std.alpha G6(smc) average_r S/N  ase mean   sd
      0.66      0.67    0.75      0.14   2 0.04  2.3 0.44

 lower alpha upper     95% confidence boundaries
0.58 0.66 0.74 

 Reliability if an item is dropped:
        raw_alpha std.alpha G6(smc) average_r S/N alpha se
ffmq_2       0.63      0.64    0.70      0.14 1.8    0.044
ffmq_3       0.64      0.65    0.73      0.14 1.9    0.043
ffmq_4       0.65      0.65    0.74      0.15 1.9    0.042
ffmq_5       0.63      0.63    0.73      0.13 1.7    0.045
ffmq_7       0.63      0.63    0.71      0.14 1.7    0.045
ffmq_8       0.63      0.63    0.72      0.13 1.7    0.045
ffmq_9       0.65      0.65    0.72      0.15 1.9    0.042
ffmq_10      0.68      0.68    0.76      0.16 2.1    0.039
ffmq_12      0.64      0.64    0.73      0.14 1.8    0.043
ffmq_13      0.64      0.64    0.72      0.14 1.8    0.044
ffmq_14      0.65      0.65    0.72      0.15 1.9    0.042
ffmq_15      0.64      0.65    0.74      0.14 1.8    0.043

 Item statistics 
          n raw.r std.r r.cor r.drop mean   sd
ffmq_2  157  0.51  0.51  0.51  0.353  2.4 0.98
ffmq_3  157  0.44  0.45  0.36  0.284  2.4 0.92
ffmq_4  157  0.46  0.44  0.35  0.278  2.2 1.04
ffmq_5  157  0.54  0.55  0.48  0.394  2.5 0.95
ffmq_7  157  0.53  0.53  0.50  0.382  2.3 0.92
ffmq_8  157  0.52  0.54  0.49  0.391  2.0 0.83
ffmq_9  157  0.46  0.42  0.38  0.281  2.2 1.05
ffmq_10 157  0.24  0.26  0.14  0.074  2.3 0.91
ffmq_12 157  0.47  0.47  0.42  0.304  2.3 1.01
ffmq_13 157  0.48  0.50  0.45  0.342  2.1 0.85
ffmq_14 157  0.46  0.42  0.38  0.272  2.4 1.11
ffmq_15 157  0.43  0.45  0.35  0.285  2.3 0.88

Non missing response frequency for each item
           0    1    2    3    4 miss
ffmq_2  0.03 0.15 0.36 0.33 0.13    0
ffmq_3  0.01 0.16 0.34 0.37 0.12    0
ffmq_4  0.06 0.17 0.38 0.28 0.10    0
ffmq_5  0.03 0.10 0.34 0.39 0.15    0
ffmq_7  0.03 0.16 0.43 0.30 0.09    0
ffmq_8  0.02 0.29 0.41 0.27 0.01    0
ffmq_9  0.04 0.24 0.32 0.29 0.11    0
ffmq_10 0.02 0.17 0.43 0.29 0.09    0
ffmq_12 0.03 0.21 0.31 0.35 0.10    0
ffmq_13 0.03 0.21 0.43 0.31 0.03    0
ffmq_14 0.06 0.11 0.32 0.32 0.18    0
ffmq_15 0.01 0.14 0.43 0.32 0.10    0
