
Reliability analysis   
Call: alpha(x = get(scale), check.keys = TRUE)

  raw_alpha std.alpha G6(smc) average_r S/N   ase mean   sd median_r
      0.76      0.77    0.78       0.3 3.4 0.029  2.8 0.86      0.3

 lower alpha upper     95% confidence boundaries
0.71 0.76 0.82 

 Reliability if an item is dropped:
       raw_alpha std.alpha G6(smc) average_r S/N alpha se  var.r med.r
bfi_4       0.76      0.77    0.77      0.32 3.3    0.029 0.0126  0.32
bfi_9       0.73      0.73    0.72      0.28 2.7    0.033 0.0113  0.29
bfi_14      0.76      0.77    0.77      0.32 3.3    0.030 0.0131  0.32
bfi_19      0.71      0.73    0.73      0.28 2.7    0.036 0.0151  0.25
bfi_24      0.73      0.73    0.74      0.28 2.7    0.033 0.0137  0.29
bfi_29      0.72      0.74    0.73      0.28 2.8    0.034 0.0167  0.25
bfi_34      0.75      0.75    0.74      0.30 3.0    0.031 0.0097  0.30
bfi_39      0.74      0.75    0.75      0.30 3.1    0.032 0.0152  0.32

 Item statistics 
         n raw.r std.r r.cor r.drop mean   sd
bfi_4  150  0.54  0.51  0.40   0.35  2.5 1.55
bfi_9  150  0.65  0.70  0.66   0.54  1.5 1.17
bfi_14 150  0.53  0.51  0.38   0.35  4.6 1.47
bfi_19 150  0.74  0.71  0.66   0.59  3.7 1.70
bfi_24 150  0.66  0.68  0.63   0.53  1.5 1.23
bfi_29 150  0.68  0.67  0.61   0.54  3.6 1.45
bfi_34 150  0.53  0.59  0.53   0.42  1.3 0.94
bfi_39 150  0.61  0.58  0.49   0.43  3.4 1.55

Non missing response frequency for each item
          0    1    2    3    4    5    6    7 miss
bfi_4  0.00 0.36 0.23 0.13 0.15 0.09 0.03 0.01    0
bfi_9  0.20 0.39 0.23 0.11 0.05 0.01 0.01 0.00    0
bfi_14 0.00 0.02 0.09 0.11 0.23 0.27 0.18 0.09    0
bfi_19 0.00 0.11 0.16 0.20 0.17 0.17 0.15 0.03    0
bfi_24 0.22 0.37 0.22 0.12 0.05 0.01 0.01 0.00    0
bfi_29 0.00 0.06 0.23 0.17 0.21 0.23 0.09 0.00    0
bfi_34 0.23 0.38 0.29 0.09 0.01 0.00 0.00 0.00    0
bfi_39 0.00 0.08 0.29 0.15 0.19 0.19 0.07 0.02    0
