
Reliability analysis   
Call: alpha(x = get(scale), check.keys = TRUE)

  raw_alpha std.alpha G6(smc) average_r S/N    ase mean  sd
      0.92      0.92    0.95      0.33  12 0.0082  5.3 1.1

 lower alpha upper     95% confidence boundaries
0.91 0.92 0.94 

 Reliability if an item is dropped:
      raw_alpha std.alpha G6(smc) average_r S/N alpha se
uh_1       0.92      0.92    0.94      0.33  12   0.0084
uh_2       0.92      0.92    0.94      0.32  12   0.0085
uh_3       0.92      0.92    0.94      0.33  12   0.0084
uh_4       0.92      0.92    0.94      0.32  11   0.0085
uh_5       0.92      0.92    0.94      0.32  11   0.0086
uh_6       0.92      0.92    0.94      0.32  12   0.0085
uh_7       0.92      0.92    0.94      0.33  12   0.0084
uh_8       0.92      0.92    0.95      0.33  12   0.0083
uh_9       0.92      0.92    0.94      0.32  11   0.0085
uh_10      0.92      0.92    0.94      0.32  11   0.0085
uh_11      0.92      0.92    0.94      0.32  11   0.0086
uh_12      0.92      0.92    0.94      0.32  11   0.0086
uh_13      0.92      0.92    0.94      0.33  12   0.0083
uh_14      0.92      0.92    0.94      0.32  12   0.0085
uh_15      0.92      0.92    0.94      0.33  12   0.0084
uh_16      0.92      0.92    0.94      0.33  12   0.0084
uh_17      0.92      0.92    0.94      0.32  11   0.0086
uh_18      0.92      0.92    0.94      0.32  11   0.0086
uh_19      0.92      0.92    0.94      0.33  12   0.0082
uh_20      0.92      0.92    0.94      0.32  12   0.0085
uh_21      0.92      0.92    0.94      0.32  11   0.0085
uh_22      0.92      0.92    0.94      0.32  11   0.0085
uh_23      0.92      0.92    0.95      0.33  12   0.0083
uh_24      0.92      0.92    0.94      0.32  11   0.0086
uh_25      0.92      0.92    0.94      0.32  11   0.0086

 Item statistics 
        n raw.r std.r r.cor r.drop mean  sd
uh_1  187  0.58  0.58  0.57   0.54  5.0 1.7
uh_2  187  0.60  0.61  0.60   0.56  5.4 1.6
uh_3  187  0.56  0.56  0.54   0.51  5.0 1.9
uh_4  187  0.61  0.62  0.61   0.57  5.7 1.8
uh_5  187  0.64  0.64  0.63   0.59  5.9 1.8
uh_6  187  0.62  0.61  0.60   0.57  5.1 2.0
uh_7  187  0.55  0.56  0.54   0.50  5.5 1.7
uh_8  187  0.50  0.51  0.49   0.45  6.0 1.6
uh_9  187  0.63  0.62  0.61   0.58  4.8 1.8
uh_10 187  0.62  0.62  0.61   0.57  5.8 2.0
uh_11 187  0.64  0.65  0.64   0.60  5.4 1.7
uh_12 187  0.63  0.63  0.61   0.59  5.0 2.0
uh_13 187  0.48  0.49  0.47   0.43  6.5 1.6
uh_14 187  0.63  0.61  0.60   0.58  3.8 2.1
uh_15 187  0.57  0.58  0.57   0.53  6.5 1.6
uh_16 187  0.56  0.55  0.53   0.50  5.1 2.1
uh_17 187  0.65  0.63  0.62   0.60  3.3 2.1
uh_18 187  0.64  0.64  0.63   0.60  5.2 1.8
uh_19 187  0.49  0.48  0.45   0.43  4.2 2.1
uh_20 187  0.59  0.60  0.58   0.55  4.9 1.6
uh_21 187  0.64  0.64  0.64   0.60  5.9 1.8
uh_22 187  0.62  0.62  0.60   0.57  5.5 1.7
uh_23 187  0.48  0.50  0.48   0.44  7.1 1.3
uh_24 187  0.64  0.63  0.61   0.59  4.8 1.9
uh_25 187  0.65  0.63  0.62   0.60  4.6 2.1

Non missing response frequency for each item
         0    1    2    3    4    5    6    7    8 miss
uh_1  0.02 0.01 0.06 0.11 0.21 0.09 0.34 0.12 0.05    0
uh_2  0.00 0.01 0.04 0.12 0.12 0.14 0.30 0.20 0.07    0
uh_3  0.02 0.02 0.07 0.11 0.23 0.12 0.21 0.14 0.09    0
uh_4  0.00 0.01 0.05 0.06 0.11 0.19 0.22 0.17 0.18    0
uh_5  0.01 0.02 0.01 0.11 0.10 0.11 0.27 0.12 0.26    0
uh_6  0.03 0.02 0.07 0.10 0.18 0.13 0.20 0.16 0.12    0
uh_7  0.00 0.02 0.05 0.09 0.13 0.13 0.29 0.18 0.12    0
uh_8  0.00 0.00 0.03 0.06 0.10 0.12 0.24 0.22 0.22    0
uh_9  0.01 0.02 0.11 0.09 0.23 0.16 0.21 0.13 0.04    0
uh_10 0.02 0.00 0.07 0.05 0.13 0.11 0.21 0.14 0.27    0
uh_11 0.00 0.02 0.04 0.07 0.18 0.15 0.27 0.16 0.11    0
uh_12 0.01 0.04 0.06 0.12 0.20 0.14 0.20 0.09 0.14    0
uh_13 0.00 0.01 0.01 0.03 0.11 0.08 0.19 0.20 0.37    0
uh_14 0.05 0.09 0.13 0.19 0.20 0.07 0.16 0.06 0.05    0
uh_15 0.01 0.01 0.02 0.02 0.08 0.09 0.24 0.16 0.39    0
uh_16 0.02 0.03 0.10 0.06 0.18 0.13 0.21 0.11 0.16    0
uh_17 0.07 0.12 0.19 0.17 0.18 0.08 0.10 0.04 0.04    0
uh_18 0.01 0.03 0.03 0.09 0.23 0.13 0.26 0.10 0.12    0
uh_19 0.06 0.04 0.13 0.12 0.20 0.14 0.14 0.10 0.05    0
uh_20 0.01 0.01 0.03 0.13 0.22 0.19 0.24 0.12 0.05    0
uh_21 0.01 0.02 0.03 0.04 0.15 0.11 0.22 0.19 0.24    0
uh_22 0.01 0.01 0.05 0.07 0.12 0.18 0.29 0.12 0.15    0
uh_23 0.00 0.00 0.00 0.02 0.04 0.07 0.14 0.19 0.54    0
uh_24 0.02 0.03 0.07 0.14 0.18 0.18 0.22 0.08 0.09    0
uh_25 0.04 0.04 0.10 0.10 0.21 0.16 0.19 0.07 0.10    0
