
Reliability analysis   
Call: alpha(x = get(scale), check.keys = TRUE)

  raw_alpha std.alpha G6(smc) average_r S/N  ase mean   sd
      0.82      0.83    0.86      0.24 4.7 0.02  5.5 0.56

 lower alpha upper     95% confidence boundaries
0.78 0.82 0.86 

 Reliability if an item is dropped:
       raw_alpha std.alpha G6(smc) average_r S/N alpha se
tfl_1       0.80      0.81    0.84      0.24 4.4    0.022
tfl_7       0.81      0.82    0.85      0.24 4.5    0.021
tfl_13      0.83      0.83    0.86      0.26 5.0    0.019
tfl_2       0.80      0.81    0.84      0.23 4.2    0.022
tfl_8       0.80      0.81    0.85      0.24 4.4    0.022
tfl_14      0.80      0.81    0.84      0.23 4.2    0.022
tfl_3       0.80      0.81    0.85      0.24 4.4    0.022
tfl_9       0.81      0.82    0.85      0.24 4.5    0.021
tfl_15      0.80      0.81    0.85      0.24 4.3    0.022
tfl_4       0.82      0.82    0.85      0.25 4.6    0.020
tfl_10      0.80      0.82    0.84      0.24 4.4    0.022
tfl_16      0.81      0.82    0.85      0.24 4.5    0.021
tfl_5       0.81      0.82    0.85      0.24 4.4    0.021
tfl_11      0.81      0.82    0.85      0.24 4.4    0.021
tfl_17      0.81      0.82    0.84      0.24 4.4    0.021

 Item statistics 
         n raw.r std.r r.cor r.drop mean   sd
tfl_1  179  0.56  0.56  0.54   0.48  5.7 0.93
tfl_7  179  0.53  0.53  0.49   0.43  5.7 1.04
tfl_13 179  0.31  0.30  0.22   0.17  5.6 1.22
tfl_2  179  0.64  0.65  0.62   0.56  5.6 1.06
tfl_8  179  0.57  0.58  0.53   0.49  5.8 0.90
tfl_14 179  0.66  0.66  0.63   0.57  5.4 1.08
tfl_3  179  0.58  0.57  0.52   0.48  5.1 1.14
tfl_9  179  0.52  0.52  0.47   0.42  5.0 1.11
tfl_15 179  0.58  0.58  0.54   0.49  5.1 1.08
tfl_4  179  0.48  0.44  0.41   0.33  4.9 1.43
tfl_10 179  0.56  0.55  0.53   0.46  5.3 1.11
tfl_16 179  0.51  0.52  0.47   0.42  5.6 0.91
tfl_5  179  0.53  0.55  0.52   0.44  5.8 0.90
tfl_11 179  0.53  0.55  0.51   0.46  5.7 0.82
tfl_17 179  0.52  0.54  0.51   0.43  5.8 1.01

Non missing response frequency for each item
          1    2    3    4    5    6    7 miss
tfl_1  0.00 0.01 0.02 0.07 0.23 0.51 0.16    0
tfl_7  0.00 0.02 0.01 0.09 0.22 0.45 0.21    0
tfl_13 0.01 0.03 0.06 0.04 0.17 0.52 0.18    0
tfl_2  0.01 0.01 0.02 0.11 0.22 0.46 0.17    0
tfl_8  0.00 0.00 0.02 0.06 0.25 0.46 0.21    0
tfl_14 0.00 0.01 0.04 0.18 0.25 0.40 0.13    0
tfl_3  0.01 0.02 0.07 0.20 0.32 0.33 0.07    0
tfl_9  0.00 0.02 0.07 0.22 0.35 0.27 0.06    0
tfl_15 0.00 0.02 0.06 0.21 0.32 0.34 0.06    0
tfl_4  0.02 0.04 0.13 0.13 0.27 0.32 0.08    0
tfl_10 0.00 0.02 0.06 0.11 0.33 0.37 0.11    0
tfl_16 0.00 0.00 0.03 0.10 0.27 0.50 0.11    0
tfl_5  0.00 0.00 0.02 0.05 0.25 0.48 0.20    0
tfl_11 0.00 0.00 0.02 0.04 0.26 0.55 0.13    0
tfl_17 0.00 0.01 0.03 0.06 0.21 0.46 0.23    0
