
Reliability analysis   
Call: alpha(x = get(scale), check.keys = TRUE)

  raw_alpha std.alpha G6(smc) average_r S/N   ase mean   sd median_r
      0.84      0.84    0.84      0.37 5.3 0.018  3.5 0.71     0.38

 lower alpha upper     95% confidence boundaries
0.8 0.84 0.87 

 Reliability if an item is dropped:
      raw_alpha std.alpha G6(smc) average_r S/N alpha se  var.r med.r
uh_4       0.82      0.82    0.82      0.37 4.7    0.020 0.0094  0.38
uh_5       0.81      0.81    0.81      0.35 4.3    0.021 0.0103  0.35
uh_10      0.82      0.82    0.82      0.36 4.5    0.021 0.0110  0.38
uh_12      0.82      0.83    0.82      0.37 4.7    0.020 0.0104  0.38
uh_13      0.84      0.84    0.84      0.39 5.2    0.019 0.0088  0.39
uh_15      0.82      0.83    0.82      0.37 4.7    0.020 0.0093  0.38
uh_16      0.82      0.82    0.82      0.36 4.6    0.021 0.0109  0.37
uh_18      0.82      0.82    0.82      0.36 4.5    0.021 0.0121  0.37
uh_19      0.83      0.83    0.83      0.39 5.0    0.019 0.0091  0.39

 Item statistics 
        n raw.r std.r r.cor r.drop mean   sd
uh_4  179  0.66  0.66  0.61   0.55  3.3 1.10
uh_5  179  0.76  0.76  0.73   0.67  3.6 1.02
uh_10 179  0.71  0.71  0.67   0.61  3.7 1.08
uh_12 179  0.66  0.65  0.60   0.54  3.3 1.13
uh_13 179  0.53  0.55  0.46   0.41  4.1 0.92
uh_15 179  0.64  0.65  0.60   0.53  4.0 1.02
uh_16 179  0.70  0.69  0.64   0.59  3.4 1.14
uh_18 179  0.70  0.70  0.65   0.60  3.4 1.02
uh_19 179  0.60  0.58  0.51   0.46  3.0 1.21

Non missing response frequency for each item
         1    2    3    4    5 miss
uh_4  0.07 0.18 0.25 0.39 0.11    0
uh_5  0.02 0.15 0.23 0.41 0.18    0
uh_10 0.03 0.12 0.17 0.41 0.26    0
uh_12 0.07 0.20 0.20 0.41 0.13    0
uh_13 0.01 0.07 0.12 0.44 0.37    0
uh_15 0.02 0.09 0.13 0.37 0.38    0
uh_16 0.06 0.17 0.23 0.36 0.17    0
uh_18 0.02 0.22 0.22 0.42 0.12    0
uh_19 0.13 0.25 0.20 0.34 0.08    0
