
Reliability analysis   
Call: alpha(x = get(scale), check.keys = TRUE)

  raw_alpha std.alpha G6(smc) average_r S/N   ase mean  sd median_r
      0.89      0.89    0.89      0.45 8.1 0.012  4.4 1.3     0.45

 lower alpha upper     95% confidence boundaries
0.87 0.89 0.91 

 Reliability if an item is dropped:
         raw_alpha std.alpha G6(smc) average_r S/N alpha se  var.r med.r
sc.hw_1       0.88      0.88    0.88      0.44 7.2    0.014 0.0051  0.44
sc.hw_2       0.87      0.88    0.88      0.44 7.1    0.014 0.0049  0.45
sc.hw_3       0.88      0.88    0.88      0.45 7.3    0.013 0.0063  0.44
sc.hw_4       0.88      0.88    0.88      0.46 7.5    0.013 0.0062  0.46
sc.hw_5       0.88      0.88    0.88      0.45 7.4    0.013 0.0061  0.45
sc.hw_6       0.88      0.88    0.88      0.45 7.3    0.013 0.0052  0.45
sc.hw_7       0.87      0.87    0.88      0.44 7.0    0.014 0.0058  0.43
sc.hw_8       0.88      0.88    0.88      0.46 7.5    0.013 0.0054  0.46
sc.hw_9       0.88      0.88    0.88      0.46 7.6    0.013 0.0049  0.46
sc.hw_10      0.88      0.88    0.88      0.44 7.1    0.014 0.0057  0.44

 Item statistics 
           n raw.r std.r r.cor r.drop mean  sd
sc.hw_1  181  0.72  0.73  0.69   0.65  2.8 1.6
sc.hw_2  181  0.75  0.75  0.73   0.68  3.5 1.9
sc.hw_3  181  0.72  0.71  0.66   0.63  5.6 1.9
sc.hw_4  181  0.66  0.67  0.62   0.58  5.1 1.6
sc.hw_5  181  0.69  0.69  0.64   0.60  4.3 1.9
sc.hw_6  181  0.70  0.71  0.67   0.63  3.4 1.7
sc.hw_7  181  0.77  0.76  0.73   0.69  4.2 1.9
sc.hw_8  181  0.66  0.67  0.62   0.58  4.4 1.5
sc.hw_9  181  0.67  0.66  0.61   0.57  5.4 1.9
sc.hw_10 181  0.75  0.75  0.72   0.68  5.4 1.8

Non missing response frequency for each item
            0    1    2    3    4    5    6    7    8 miss
sc.hw_1  0.07 0.10 0.34 0.11 0.25 0.07 0.04 0.02 0.00    0
sc.hw_2  0.06 0.08 0.18 0.16 0.22 0.13 0.11 0.04 0.02    0
sc.hw_3  0.02 0.02 0.04 0.06 0.10 0.15 0.24 0.21 0.16    0
sc.hw_4  0.01 0.00 0.04 0.09 0.26 0.20 0.22 0.12 0.07    0
sc.hw_5  0.02 0.04 0.15 0.10 0.29 0.14 0.14 0.07 0.06    0
sc.hw_6  0.04 0.06 0.24 0.15 0.30 0.07 0.09 0.03 0.01    0
sc.hw_7  0.04 0.03 0.12 0.14 0.23 0.19 0.14 0.07 0.04    0
sc.hw_8  0.01 0.01 0.07 0.14 0.37 0.18 0.13 0.08 0.02    0
sc.hw_9  0.01 0.02 0.03 0.10 0.19 0.12 0.22 0.12 0.18    0
sc.hw_10 0.01 0.01 0.03 0.06 0.22 0.17 0.20 0.13 0.15    0
