
Reliability analysis   
Call: alpha(x = get(scale), check.keys = TRUE)

  raw_alpha std.alpha G6(smc) average_r S/N   ase mean  sd
      0.85      0.85    0.86      0.39 5.7 0.017  5.5 1.3

 lower alpha upper     95% confidence boundaries
0.82 0.85 0.88 

 Reliability if an item is dropped:
      raw_alpha std.alpha G6(smc) average_r S/N alpha se
uh_4       0.84      0.84    0.84      0.40 5.4    0.018
uh_5       0.83      0.83    0.84      0.38 4.8    0.019
uh_10      0.83      0.83    0.83      0.38 4.8    0.019
uh_12      0.83      0.84    0.85      0.39 5.1    0.019
uh_13      0.84      0.84    0.84      0.40 5.3    0.018
uh_15      0.83      0.84    0.84      0.39 5.1    0.018
uh_16      0.83      0.83    0.83      0.38 4.9    0.019
uh_18      0.83      0.83    0.84      0.38 4.9    0.019
uh_19      0.84      0.84    0.84      0.40 5.4    0.018

 Item statistics 
        n raw.r std.r r.cor r.drop mean  sd
uh_4  181  0.61  0.61  0.56   0.50  5.7 1.7
uh_5  181  0.73  0.73  0.69   0.63  5.9 1.8
uh_10 181  0.73  0.73  0.70   0.63  5.8 2.0
uh_12 181  0.68  0.67  0.61   0.56  5.0 2.0
uh_13 181  0.61  0.62  0.57   0.50  6.5 1.6
uh_15 181  0.66  0.67  0.62   0.56  6.5 1.6
uh_16 181  0.73  0.71  0.68   0.63  5.1 2.1
uh_18 181  0.71  0.72  0.67   0.62  5.2 1.8
uh_19 181  0.63  0.60  0.54   0.49  4.2 2.1

Non missing response frequency for each item
         0    1    2    3    4    5    6    7    8 miss
uh_4  0.00 0.01 0.06 0.06 0.11 0.18 0.23 0.17 0.18    0
uh_5  0.01 0.02 0.01 0.10 0.09 0.11 0.28 0.13 0.25    0
uh_10 0.02 0.00 0.07 0.05 0.13 0.11 0.21 0.13 0.28    0
uh_12 0.01 0.04 0.06 0.13 0.20 0.14 0.20 0.08 0.14    0
uh_13 0.00 0.01 0.01 0.03 0.11 0.08 0.19 0.20 0.37    0
uh_15 0.01 0.01 0.01 0.02 0.08 0.09 0.24 0.16 0.39    0
uh_16 0.02 0.03 0.10 0.07 0.18 0.12 0.22 0.12 0.15    0
uh_18 0.01 0.03 0.03 0.08 0.23 0.14 0.27 0.09 0.12    0
uh_19 0.06 0.04 0.14 0.12 0.20 0.13 0.14 0.10 0.06    0
