
Reliability analysis   
Call: alpha(x = get(scale), check.keys = TRUE)

  raw_alpha std.alpha G6(smc) average_r S/N   ase mean  sd
       0.9       0.9    0.91      0.44 8.8 0.012  4.8 1.2

 lower alpha upper     95% confidence boundaries
0.88 0.9 0.92 

 Reliability if an item is dropped:
      raw_alpha std.alpha G6(smc) average_r S/N alpha se
uh_1       0.89      0.89    0.90      0.44 7.9    0.013
uh_2       0.89      0.89    0.90      0.44 8.0    0.013
uh_3       0.89      0.89    0.90      0.44 8.0    0.013
uh_6       0.88      0.88    0.89      0.43 7.6    0.014
uh_7       0.90      0.90    0.90      0.47 8.9    0.012
uh_8       0.90      0.90    0.91      0.47 9.0    0.012
uh_9       0.88      0.88    0.90      0.43 7.6    0.014
uh_11      0.89      0.89    0.90      0.44 7.8    0.013
uh_14      0.89      0.89    0.89      0.44 7.9    0.013
uh_17      0.89      0.89    0.90      0.44 7.8    0.013
uh_20      0.89      0.88    0.90      0.43 7.6    0.014

 Item statistics 
        n raw.r std.r r.cor r.drop mean  sd
uh_1  150  0.72  0.73  0.70   0.66  4.9 1.5
uh_2  150  0.69  0.71  0.68   0.63  5.1 1.5
uh_3  150  0.72  0.71  0.67   0.64  4.6 1.8
uh_6  150  0.78  0.77  0.76   0.72  5.1 1.9
uh_7  150  0.52  0.54  0.49   0.43  5.1 1.6
uh_8  150  0.52  0.54  0.47   0.43  5.6 1.5
uh_9  150  0.78  0.78  0.76   0.72  4.8 1.8
uh_11 150  0.73  0.73  0.70   0.66  5.1 1.7
uh_14 150  0.75  0.73  0.72   0.67  4.2 2.0
uh_17 150  0.74  0.73  0.70   0.66  3.3 1.8
uh_20 150  0.77  0.77  0.74   0.71  4.9 1.7

Non missing response frequency for each item
         0    1    2    3    4    5    6    7    8 miss
uh_1  0.01 0.00 0.05 0.10 0.26 0.17 0.28 0.09 0.04    0
uh_2  0.00 0.01 0.03 0.10 0.24 0.18 0.27 0.13 0.05    0
uh_3  0.01 0.03 0.09 0.15 0.22 0.13 0.21 0.10 0.05    0
uh_6  0.01 0.01 0.10 0.09 0.16 0.13 0.23 0.17 0.09    0
uh_7  0.01 0.01 0.04 0.10 0.17 0.19 0.32 0.11 0.05    0
uh_8  0.00 0.01 0.02 0.05 0.16 0.19 0.29 0.18 0.10    0
uh_9  0.00 0.03 0.09 0.10 0.24 0.21 0.15 0.11 0.07    0
uh_11 0.01 0.01 0.06 0.11 0.17 0.18 0.26 0.11 0.09    0
uh_14 0.02 0.06 0.17 0.13 0.20 0.12 0.17 0.10 0.03    0
uh_17 0.05 0.11 0.23 0.20 0.21 0.06 0.09 0.05 0.01    0
uh_20 0.00 0.03 0.06 0.11 0.23 0.19 0.22 0.11 0.06    0
