
Reliability analysis   
Call: psych::alpha(x = get(scale), check.keys = TRUE)

  raw_alpha std.alpha G6(smc) average_r S/N    ase mean  sd
      0.88      0.88    0.89      0.46 7.6 0.0062  5.8 1.2

 lower alpha upper     95% confidence boundaries
0.87 0.88 0.89 

 Reliability if an item is dropped:
      raw_alpha std.alpha G6(smc) average_r S/N alpha se     NA
uh_4       0.87      0.87    0.88      0.46 6.8   0.0069 0.0116
uh_5       0.87      0.88    0.88      0.47 7.2   0.0066 0.0092
uh_10      0.87      0.87    0.88      0.47 7.0   0.0067 0.0093
uh_12      0.87      0.87    0.88      0.45 6.6   0.0070 0.0101
uh_13      0.86      0.87    0.87      0.45 6.6   0.0072 0.0090
uh_15      0.87      0.87    0.87      0.46 6.7   0.0071 0.0073
uh_16      0.86      0.87    0.88      0.45 6.6   0.0072 0.0099
uh_18      0.87      0.87    0.88      0.46 6.9   0.0067 0.0090
uh_19      0.87      0.87    0.88      0.46 6.7   0.0070 0.0115

 Item statistics 
        n raw.r std.r r.cor r.drop mean  sd
uh_4  806  0.71  0.72  0.67   0.62  6.2 1.6
uh_5  805  0.67  0.66  0.60   0.56  5.5 1.7
uh_10 806  0.66  0.69  0.64   0.58  6.6 1.4
uh_12 806  0.73  0.75  0.72   0.66  6.5 1.5
uh_13 805  0.77  0.75  0.73   0.68  5.4 1.9
uh_15 805  0.76  0.73  0.71   0.66  4.8 2.0
uh_16 805  0.76  0.75  0.71   0.68  5.3 1.6
uh_18 806  0.68  0.71  0.66   0.60  6.8 1.3
uh_19 806  0.74  0.73  0.68   0.65  5.6 1.7

Non missing response frequency for each item
         0    1    2    3    4    5    6    7    8 miss
uh_4  0.00 0.00 0.02 0.04 0.10 0.10 0.27 0.24 0.23    0
uh_5  0.00 0.01 0.05 0.06 0.16 0.14 0.27 0.19 0.13    0
uh_10 0.00 0.00 0.01 0.02 0.07 0.08 0.24 0.25 0.33    0
uh_12 0.00 0.00 0.01 0.02 0.08 0.09 0.25 0.25 0.31    0
uh_13 0.01 0.03 0.05 0.08 0.14 0.16 0.22 0.18 0.14    0
uh_15 0.03 0.02 0.09 0.12 0.17 0.15 0.21 0.13 0.08    0
uh_16 0.00 0.01 0.05 0.08 0.18 0.20 0.26 0.14 0.08    0
uh_18 0.00 0.00 0.00 0.01 0.07 0.08 0.20 0.23 0.40    0
uh_19 0.01 0.00 0.04 0.07 0.16 0.15 0.25 0.19 0.13    0
