
Reliability analysis   
Call: alpha(x = get(scale), check.keys = TRUE)

  raw_alpha std.alpha G6(smc) average_r S/N   ase mean   sd
      0.91      0.91    0.93      0.42  10 0.011  5.6 0.78

 lower alpha upper     95% confidence boundaries
0.88 0.91 0.93 

 Reliability if an item is dropped:
        raw_alpha std.alpha G6(smc) average_r  S/N alpha se    NA
auth_1       0.90      0.90    0.92      0.41  9.1    0.012 0.020
auth_2       0.89      0.90    0.92      0.40  8.8    0.013 0.019
auth_3       0.91      0.91    0.93      0.44 10.3    0.011 0.017
auth_4       0.90      0.90    0.92      0.42  9.4    0.012 0.021
auth_5       0.91      0.91    0.92      0.44 10.0    0.011 0.018
auth_6       0.90      0.90    0.92      0.41  9.1    0.013 0.020
auth_7       0.89      0.90    0.92      0.41  8.9    0.013 0.019
auth_8       0.90      0.90    0.92      0.41  9.1    0.012 0.020
auth_9       0.91      0.91    0.93      0.45 10.5    0.011 0.015
auth_10      0.90      0.90    0.92      0.42  9.4    0.012 0.021
auth_11      0.90      0.90    0.92      0.42  9.2    0.012 0.021
auth_12      0.90      0.90    0.92      0.41  9.0    0.013 0.020
auth_13      0.89      0.90    0.92      0.41  8.9    0.013 0.020
auth_14      0.90      0.91    0.92      0.43  9.8    0.012 0.020

 Item statistics 
          n raw.r std.r r.cor r.drop mean   sd
auth_1  150  0.73  0.74  0.72   0.68  5.8 0.99
auth_2  150  0.79  0.80  0.79   0.75  5.9 1.07
auth_3  150  0.51  0.50  0.45   0.41  4.8 1.36
auth_4  150  0.67  0.67  0.64   0.61  5.3 1.11
auth_5  150  0.54  0.55  0.51   0.46  5.8 1.16
auth_6  150  0.75  0.75  0.74   0.70  5.7 1.10
auth_7  150  0.79  0.79  0.79   0.74  5.7 1.09
auth_8  150  0.73  0.73  0.71   0.67  5.7 1.13
auth_9  150  0.46  0.45  0.39   0.36  5.3 1.30
auth_10 150  0.69  0.69  0.66   0.62  5.6 1.18
auth_11 150  0.71  0.71  0.68   0.65  5.5 1.19
auth_12 150  0.76  0.76  0.75   0.71  5.5 1.18
auth_13 150  0.78  0.78  0.77   0.73  5.8 1.16
auth_14 150  0.59  0.59  0.55   0.52  5.5 1.19

Non missing response frequency for each item
           1    2    3    4    5    6    7 miss
auth_1  0.00 0.00 0.03 0.08 0.18 0.48 0.23    0
auth_2  0.00 0.01 0.03 0.05 0.19 0.41 0.31    0
auth_3  0.03 0.03 0.09 0.23 0.29 0.24 0.09    0
auth_4  0.00 0.01 0.04 0.20 0.27 0.37 0.11    0
auth_5  0.01 0.01 0.03 0.07 0.23 0.35 0.30    0
auth_6  0.00 0.01 0.04 0.08 0.25 0.37 0.26    0
auth_7  0.01 0.01 0.02 0.10 0.23 0.42 0.21    0
auth_8  0.01 0.01 0.02 0.07 0.23 0.39 0.26    0
auth_9  0.01 0.03 0.06 0.13 0.31 0.27 0.19    0
auth_10 0.01 0.03 0.01 0.09 0.24 0.39 0.23    0
auth_11 0.01 0.01 0.04 0.13 0.17 0.45 0.18    0
auth_12 0.01 0.01 0.05 0.13 0.22 0.40 0.19    0
auth_13 0.01 0.01 0.01 0.09 0.19 0.37 0.33    0
auth_14 0.00 0.02 0.05 0.11 0.22 0.40 0.20    0
