
Reliability analysis   
Call: alpha(x = get(scale), check.keys = TRUE)

  raw_alpha std.alpha G6(smc) average_r S/N   ase mean   sd
      0.85      0.86    0.88       0.3 6.1 0.016  5.6 0.67

 lower alpha upper     95% confidence boundaries
0.82 0.85 0.88 

 Reliability if an item is dropped:
        raw_alpha std.alpha G6(smc) average_r S/N alpha se    NA
auth_1       0.84      0.85    0.87      0.30 5.5    0.018 0.015
auth_2       0.84      0.85    0.87      0.30 5.5    0.017 0.016
auth_3       0.85      0.86    0.88      0.32 6.0    0.016 0.013
auth_4       0.84      0.85    0.87      0.30 5.7    0.017 0.016
auth_5       0.85      0.85    0.87      0.31 5.8    0.017 0.014
auth_6       0.84      0.85    0.87      0.30 5.5    0.018 0.015
auth_7       0.84      0.84    0.87      0.29 5.4    0.018 0.016
auth_8       0.84      0.85    0.87      0.30 5.7    0.017 0.016
auth_9       0.86      0.86    0.88      0.33 6.3    0.015 0.011
auth_10      0.84      0.85    0.87      0.31 5.8    0.017 0.017
auth_11      0.84      0.85    0.87      0.30 5.6    0.018 0.015
auth_12      0.84      0.84    0.86      0.29 5.4    0.018 0.015
auth_13      0.84      0.84    0.87      0.29 5.4    0.018 0.016
auth_14      0.83      0.84    0.86      0.29 5.3    0.018 0.015

 Item statistics 
          n raw.r std.r r.cor r.drop mean   sd
auth_1  181  0.61  0.63  0.60   0.54  5.8 0.98
auth_2  181  0.61  0.64  0.61   0.55  6.0 0.92
auth_3  181  0.50  0.47  0.42   0.37  4.9 1.47
auth_4  181  0.58  0.57  0.53   0.49  5.3 1.12
auth_5  181  0.52  0.53  0.49   0.43  5.7 1.12
auth_6  181  0.64  0.65  0.62   0.57  5.9 1.07
auth_7  181  0.66  0.66  0.63   0.59  5.7 1.05
auth_8  181  0.59  0.58  0.54   0.49  5.8 1.30
auth_9  181  0.36  0.37  0.30   0.24  5.4 1.26
auth_10 181  0.55  0.55  0.50   0.46  5.8 1.01
auth_11 181  0.62  0.61  0.58   0.53  5.6 1.14
auth_12 181  0.68  0.68  0.66   0.60  5.6 1.17
auth_13 181  0.65  0.67  0.64   0.58  6.0 1.02
auth_14 181  0.72  0.70  0.68   0.64  5.5 1.26

Non missing response frequency for each item
           1    2    3    4    5    6    7 miss
auth_1  0.00 0.01 0.02 0.06 0.20 0.51 0.19    0
auth_2  0.00 0.01 0.01 0.03 0.19 0.46 0.30    0
auth_3  0.02 0.06 0.10 0.15 0.32 0.22 0.13    0
auth_4  0.00 0.02 0.04 0.18 0.31 0.33 0.12    0
auth_5  0.00 0.01 0.03 0.10 0.22 0.37 0.28    0
auth_6  0.01 0.01 0.02 0.07 0.18 0.41 0.31    0
auth_7  0.00 0.00 0.03 0.09 0.28 0.35 0.25    0
auth_8  0.01 0.00 0.06 0.10 0.14 0.33 0.35    0
auth_9  0.00 0.03 0.06 0.14 0.22 0.36 0.19    0
auth_10 0.00 0.01 0.03 0.06 0.19 0.47 0.24    0
auth_11 0.00 0.01 0.07 0.08 0.24 0.39 0.22    0
auth_12 0.01 0.02 0.04 0.08 0.24 0.43 0.19    0
auth_13 0.00 0.01 0.01 0.06 0.19 0.39 0.34    0
auth_14 0.01 0.02 0.04 0.12 0.20 0.40 0.20    0
