
Reliability analysis   
Call: alpha(x = get(scale), check.keys = TRUE)

  raw_alpha std.alpha G6(smc) average_r S/N   ase mean  sd median_r
      0.86      0.86    0.87      0.44 6.3 0.015  4.9 1.1     0.47

 lower alpha upper     95% confidence boundaries
0.84 0.86 0.89 

 Reliability if an item is dropped:
       raw_alpha std.alpha G6(smc) average_r S/N alpha se var.r med.r
bfi_1       0.84      0.84    0.85      0.42 5.1    0.018 0.028  0.44
bfi_6       0.84      0.84    0.85      0.43 5.3    0.017 0.026  0.48
bfi_11      0.85      0.85    0.86      0.45 5.7    0.016 0.028  0.48
bfi_16      0.85      0.85    0.85      0.44 5.6    0.016 0.024  0.47
bfi_21      0.83      0.83    0.84      0.41 4.9    0.019 0.023  0.43
bfi_26      0.88      0.88    0.88      0.51 7.3    0.014 0.011  0.50
bfi_31      0.84      0.84    0.85      0.43 5.3    0.018 0.027  0.47
bfi_36      0.84      0.84    0.85      0.43 5.2    0.017 0.027  0.43

 Item statistics 
         n raw.r std.r r.cor r.drop mean  sd
bfi_1  179  0.78  0.78  0.75   0.69  4.9 1.6
bfi_6  179  0.76  0.75  0.71   0.66  4.5 1.7
bfi_11 179  0.66  0.68  0.62   0.56  5.1 1.3
bfi_16 179  0.68  0.70  0.66   0.59  5.2 1.3
bfi_21 179  0.84  0.83  0.82   0.77  5.0 1.8
bfi_26 179  0.46  0.46  0.34   0.31  4.8 1.5
bfi_31 179  0.77  0.75  0.72   0.67  5.1 1.7
bfi_36 179  0.76  0.76  0.72   0.67  5.0 1.5

Non missing response frequency for each item
          1    2    3    4    5    6    7    8 miss
bfi_1  0.02 0.07 0.12 0.17 0.20 0.28 0.15 0.00    0
bfi_6  0.00 0.12 0.19 0.25 0.17 0.12 0.08 0.07    0
bfi_11 0.00 0.06 0.07 0.13 0.30 0.31 0.13 0.00    0
bfi_16 0.01 0.03 0.08 0.13 0.32 0.31 0.13 0.00    0
bfi_21 0.00 0.08 0.18 0.20 0.14 0.15 0.15 0.10    0
bfi_26 0.02 0.06 0.12 0.19 0.26 0.23 0.12 0.00    0
bfi_31 0.00 0.05 0.14 0.27 0.11 0.17 0.18 0.08    0
bfi_36 0.02 0.06 0.11 0.09 0.25 0.31 0.15 0.00    0
