
Reliability analysis   
Call: alpha(x = get(scale), check.keys = TRUE)

  raw_alpha std.alpha G6(smc) average_r S/N   ase mean  sd
      0.88      0.89     0.9      0.34 7.7 0.013    6 0.6

 lower alpha upper     95% confidence boundaries
0.85 0.88 0.9 

 Reliability if an item is dropped:
       raw_alpha std.alpha G6(smc) average_r S/N alpha se
ili_1       0.87      0.88    0.89      0.34 7.2    0.014
ili_2       0.87      0.88    0.89      0.34 7.2    0.014
ili_3       0.87      0.88    0.89      0.35 7.5    0.014
ili_4       0.87      0.88    0.89      0.34 7.1    0.014
ili_5       0.86      0.88    0.89      0.33 7.1    0.015
ili_6       0.89      0.89    0.90      0.36 8.0    0.012
ili_7       0.86      0.87    0.89      0.33 6.9    0.015
ili_8       0.86      0.88    0.89      0.34 7.1    0.015
ili_9       0.87      0.88    0.89      0.34 7.3    0.014
ili_10      0.87      0.88    0.89      0.34 7.2    0.014
ili_11      0.87      0.88    0.89      0.34 7.2    0.014
ili_12      0.87      0.88    0.89      0.34 7.2    0.014
ili_13      0.86      0.87    0.88      0.33 6.8    0.015
ili_14      0.87      0.88    0.89      0.34 7.2    0.014
ili_15      0.87      0.88    0.89      0.35 7.4    0.014

 Item statistics 
         n raw.r std.r r.cor r.drop mean   sd
ili_1  187  0.64  0.63  0.60   0.56  6.0 1.05
ili_2  187  0.62  0.64  0.61   0.57  6.3 0.75
ili_3  187  0.50  0.52  0.48   0.42  6.2 0.90
ili_4  187  0.65  0.64  0.61   0.57  5.7 1.08
ili_5  187  0.67  0.67  0.64   0.60  6.0 0.97
ili_6  187  0.43  0.38  0.31   0.29  5.2 1.41
ili_7  187  0.70  0.71  0.68   0.65  6.1 0.86
ili_8  187  0.68  0.67  0.64   0.60  5.6 1.17
ili_9  187  0.61  0.60  0.58   0.53  5.9 1.13
ili_10 187  0.60  0.62  0.59   0.55  6.5 0.71
ili_11 187  0.60  0.62  0.59   0.54  6.3 0.87
ili_12 187  0.64  0.64  0.61   0.56  5.8 1.00
ili_13 187  0.76  0.76  0.75   0.71  6.1 0.88
ili_14 187  0.62  0.63  0.61   0.55  6.3 0.90
ili_15 187  0.56  0.56  0.51   0.48  5.8 1.03

Non missing response frequency for each item
          1    2    3    4    5    6    7 miss
ili_1  0.01 0.01 0.02 0.05 0.10 0.48 0.33    0
ili_2  0.00 0.01 0.00 0.02 0.07 0.50 0.41    0
ili_3  0.00 0.01 0.01 0.02 0.13 0.38 0.46    0
ili_4  0.00 0.01 0.02 0.11 0.25 0.39 0.23    0
ili_5  0.01 0.00 0.02 0.04 0.14 0.48 0.32    0
ili_6  0.02 0.03 0.06 0.20 0.25 0.24 0.21    0
ili_7  0.00 0.00 0.01 0.05 0.14 0.44 0.36    0
ili_8  0.00 0.02 0.03 0.14 0.18 0.39 0.24    0
ili_9  0.00 0.01 0.03 0.10 0.14 0.35 0.37    0
ili_10 0.00 0.00 0.00 0.02 0.06 0.32 0.60    0
ili_11 0.00 0.01 0.01 0.04 0.09 0.42 0.45    0
ili_12 0.00 0.00 0.02 0.09 0.22 0.39 0.28    0
ili_13 0.00 0.00 0.01 0.06 0.12 0.46 0.35    0
ili_14 0.00 0.01 0.01 0.04 0.09 0.38 0.48    0
ili_15 0.00 0.01 0.02 0.09 0.21 0.42 0.25    0
