
Reliability analysis   
Call: alpha(x = get(scale), check.keys = TRUE)

  raw_alpha std.alpha G6(smc) average_r S/N   ase mean   sd median_r
      0.78      0.78     0.8      0.29 3.6 0.027  5.4 0.82     0.28

 lower alpha upper     95% confidence boundaries
0.73 0.78 0.83 

 Reliability if an item is dropped:
       raw_alpha std.alpha G6(smc) average_r S/N alpha se var.r med.r
bfi_2       0.75      0.76    0.78      0.28 3.1    0.031 0.020  0.26
bfi_7       0.75      0.75    0.76      0.27 3.0    0.030 0.018  0.25
bfi_12      0.76      0.77    0.78      0.29 3.3    0.029 0.016  0.28
bfi_17      0.75      0.75    0.77      0.27 3.0    0.030 0.020  0.27
bfi_22      0.77      0.78    0.80      0.30 3.5    0.028 0.020  0.29
bfi_27      0.78      0.79    0.80      0.31 3.7    0.026 0.017  0.28
bfi_32      0.74      0.75    0.76      0.27 2.9    0.031 0.016  0.26
bfi_37      0.73      0.74    0.75      0.26 2.8    0.033 0.015  0.26
bfi_42      0.77      0.78    0.79      0.30 3.5    0.028 0.017  0.28

 Item statistics 
         n raw.r std.r r.cor r.drop mean  sd
bfi_2  150  0.66  0.64  0.58   0.53  4.7 1.5
bfi_7  150  0.62  0.67  0.63   0.52  5.7 1.0
bfi_12 150  0.61  0.58  0.52   0.45  5.9 1.5
bfi_17 150  0.66  0.66  0.61   0.51  5.3 1.5
bfi_22 150  0.48  0.51  0.39   0.34  5.8 1.2
bfi_27 150  0.48  0.45  0.33   0.30  5.2 1.5
bfi_32 150  0.67  0.69  0.66   0.57  5.6 1.1
bfi_37 150  0.76  0.72  0.72   0.63  5.3 1.6
bfi_42 150  0.47  0.51  0.43   0.34  5.5 1.1

Non missing response frequency for each item
          1    2    3    4    5    6    7    8 miss
bfi_2  0.00 0.03 0.23 0.20 0.26 0.12 0.14 0.03    0
bfi_7  0.00 0.01 0.02 0.09 0.26 0.42 0.20 0.00    0
bfi_12 0.00 0.03 0.05 0.11 0.24 0.17 0.26 0.15    0
bfi_17 0.00 0.07 0.08 0.11 0.21 0.30 0.23 0.00    0
bfi_22 0.01 0.02 0.03 0.07 0.16 0.42 0.29 0.00    0
bfi_27 0.00 0.03 0.11 0.23 0.21 0.21 0.17 0.06    0
bfi_32 0.01 0.00 0.03 0.11 0.24 0.40 0.21 0.00    0
bfi_37 0.00 0.04 0.08 0.26 0.13 0.19 0.23 0.07    0
bfi_42 0.01 0.00 0.04 0.12 0.23 0.44 0.16 0.00    0
