
Reliability analysis   
Call: alpha(x = get(scale), check.keys = TRUE)

  raw_alpha std.alpha G6(smc) average_r S/N   ase mean   sd
      0.87      0.88    0.89      0.32 7.1 0.014  5.6 0.61

 lower alpha upper     95% confidence boundaries
0.85 0.87 0.9 

 Reliability if an item is dropped:
       raw_alpha std.alpha G6(smc) average_r S/N alpha se
ili_1       0.86      0.86    0.88      0.31 6.4    0.015
ili_5       0.86      0.87    0.88      0.32 6.5    0.015
ili_9       0.86      0.86    0.88      0.31 6.3    0.015
ili_13      0.86      0.87    0.88      0.32 6.4    0.015
ili_2       0.87      0.87    0.89      0.33 6.8    0.014
ili_6       0.87      0.87    0.89      0.33 6.9    0.014
ili_10      0.87      0.87    0.89      0.33 6.8    0.014
ili_14      0.87      0.87    0.89      0.33 6.8    0.014
ili_3       0.87      0.87    0.88      0.32 6.6    0.015
ili_7       0.86      0.87    0.88      0.32 6.5    0.015
ili_11      0.87      0.87    0.88      0.32 6.7    0.015
ili_15      0.86      0.87    0.89      0.32 6.7    0.015
ili_4       0.87      0.87    0.88      0.32 6.7    0.015
ili_8       0.86      0.87    0.88      0.32 6.6    0.015
ili_12      0.86      0.87    0.88      0.32 6.6    0.015

 Item statistics 
         n raw.r std.r r.cor r.drop mean   sd
ili_1  179  0.69  0.69  0.68   0.63  5.7 0.97
ili_5  179  0.62  0.63  0.60   0.55  5.6 0.99
ili_9  179  0.71  0.70  0.69   0.64  5.6 1.12
ili_13 179  0.65  0.66  0.64   0.59  5.6 0.93
ili_2  179  0.55  0.56  0.51   0.48  5.6 0.92
ili_6  179  0.52  0.50  0.45   0.41  5.1 1.28
ili_10 179  0.51  0.53  0.48   0.44  6.1 0.75
ili_14 179  0.53  0.55  0.51   0.46  5.9 0.90
ili_3  179  0.58  0.61  0.57   0.52  5.9 0.77
ili_7  179  0.63  0.63  0.60   0.56  5.7 0.91
ili_11 179  0.58  0.59  0.55   0.50  5.8 0.96
ili_15 179  0.60  0.59  0.55   0.52  5.3 1.01
ili_4  179  0.62  0.59  0.57   0.52  5.1 1.26
ili_8  179  0.63  0.60  0.58   0.55  5.2 1.18
ili_12 179  0.64  0.61  0.59   0.55  5.3 1.13

Non missing response frequency for each item
          1    2    3    4    5    6    7 miss
ili_1  0.00 0.00 0.03 0.11 0.21 0.49 0.17    0
ili_5  0.00 0.01 0.03 0.11 0.23 0.48 0.15    0
ili_9  0.01 0.01 0.03 0.11 0.21 0.46 0.17    0
ili_13 0.00 0.01 0.01 0.11 0.26 0.46 0.16    0
ili_2  0.00 0.00 0.02 0.11 0.27 0.46 0.14    0
ili_6  0.01 0.01 0.08 0.22 0.27 0.27 0.13    0
ili_10 0.00 0.00 0.00 0.02 0.16 0.50 0.32    0
ili_14 0.00 0.01 0.01 0.04 0.22 0.48 0.25    0
ili_3  0.00 0.00 0.01 0.04 0.18 0.57 0.21    0
ili_7  0.00 0.00 0.01 0.09 0.27 0.42 0.20    0
ili_11 0.00 0.01 0.02 0.05 0.23 0.48 0.21    0
ili_15 0.00 0.00 0.04 0.22 0.27 0.39 0.08    0
ili_4  0.00 0.05 0.04 0.21 0.28 0.31 0.11    0
ili_8  0.01 0.03 0.03 0.15 0.32 0.36 0.10    0
ili_12 0.00 0.03 0.02 0.18 0.27 0.39 0.11    0
