
Reliability analysis   
Call: alpha(x = get(scale), check.keys = TRUE)

  raw_alpha std.alpha G6(smc) average_r S/N  ase mean   sd
      0.64      0.64    0.73      0.13 1.8 0.04  2.8 0.44

 lower alpha upper     95% confidence boundaries
0.57 0.64 0.72 

 Reliability if an item is dropped:
        raw_alpha std.alpha G6(smc) average_r S/N alpha se    NA
ffmq_2       0.62      0.63    0.70      0.13 1.7    0.042 0.030
ffmq_3       0.61      0.61    0.71      0.12 1.5    0.044 0.037
ffmq_4       0.61      0.61    0.71      0.13 1.6    0.044 0.035
ffmq_5       0.62      0.62    0.71      0.13 1.6    0.043 0.035
ffmq_7       0.60      0.60    0.69      0.12 1.5    0.046 0.034
ffmq_8       0.65      0.65    0.74      0.15 1.9    0.039 0.032
ffmq_9       0.61      0.61    0.70      0.12 1.6    0.044 0.033
ffmq_10      0.65      0.65    0.73      0.14 1.8    0.040 0.033
ffmq_12      0.63      0.64    0.71      0.14 1.8    0.041 0.028
ffmq_13      0.63      0.63    0.72      0.14 1.7    0.041 0.032
ffmq_14      0.62      0.62    0.71      0.13 1.6    0.043 0.033
ffmq_15      0.63      0.63    0.70      0.13 1.7    0.042 0.032

 Item statistics 
          n raw.r std.r r.cor r.drop mean   sd
ffmq_2  179  0.46  0.45  0.41   0.29  3.3 1.05
ffmq_3  179  0.52  0.54  0.47   0.38  2.6 0.89
ffmq_4  179  0.51  0.51  0.44   0.35  2.5 1.01
ffmq_5  179  0.48  0.47  0.40   0.32  3.5 1.00
ffmq_7  179  0.58  0.57  0.55   0.43  2.4 1.02
ffmq_8  179  0.30  0.31  0.19   0.12  2.0 1.02
ffmq_9  179  0.52  0.53  0.48   0.37  2.6 0.97
ffmq_10 179  0.33  0.33  0.23   0.16  3.5 0.98
ffmq_12 179  0.41  0.39  0.35   0.23  3.3 1.00
ffmq_13 179  0.38  0.40  0.32   0.23  2.3 0.89
ffmq_14 179  0.47  0.48  0.42   0.31  2.7 0.99
ffmq_15 179  0.44  0.44  0.39   0.27  3.4 1.00

Non missing response frequency for each item
           0    1    2    3    4    5 miss
ffmq_2  0.00 0.03 0.23 0.28 0.34 0.12    0
ffmq_3  0.02 0.10 0.22 0.55 0.11 0.00    0
ffmq_4  0.03 0.16 0.23 0.45 0.12 0.00    0
ffmq_5  0.00 0.02 0.17 0.23 0.42 0.16    0
ffmq_7  0.03 0.17 0.26 0.42 0.12 0.00    0
ffmq_8  0.06 0.26 0.32 0.30 0.06 0.00    0
ffmq_9  0.03 0.10 0.23 0.49 0.15 0.00    0
ffmq_10 0.00 0.01 0.21 0.19 0.47 0.12    0
ffmq_12 0.00 0.02 0.22 0.27 0.38 0.11    0
ffmq_13 0.02 0.17 0.33 0.43 0.04 0.00    0
ffmq_14 0.03 0.09 0.26 0.42 0.20 0.00    0
ffmq_15 0.00 0.03 0.18 0.27 0.42 0.10    0
