
Reliability analysis   
Call: alpha(x = get(scale), check.keys = TRUE)

  raw_alpha std.alpha G6(smc) average_r S/N   ase mean   sd
       0.8      0.81    0.83      0.23 4.2 0.022  5.5 0.59

 lower alpha upper     95% confidence boundaries
0.76 0.8 0.84 

 Reliability if an item is dropped:
        raw_alpha std.alpha G6(smc) average_r S/N alpha se     NA
auth_4       0.79      0.80    0.82      0.23 3.9    0.023 0.0123
auth_7       0.79      0.80    0.82      0.23 4.0    0.023 0.0125
auth_11      0.79      0.80    0.82      0.23 3.9    0.024 0.0121
auth_1       0.78      0.79    0.81      0.23 3.8    0.024 0.0107
auth_8       0.80      0.81    0.83      0.24 4.2    0.022 0.0114
auth_12      0.78      0.79    0.81      0.22 3.7    0.024 0.0113
auth_2       0.78      0.79    0.81      0.22 3.7    0.024 0.0107
auth_5       0.80      0.80    0.82      0.24 4.1    0.023 0.0094
auth_9       0.80      0.80    0.82      0.24 4.1    0.022 0.0119
auth_13      0.79      0.80    0.81      0.23 4.0    0.023 0.0101
auth_3       0.79      0.80    0.82      0.24 4.0    0.023 0.0115
auth_6       0.79      0.80    0.82      0.23 3.9    0.024 0.0117
auth_10      0.78      0.79    0.81      0.23 3.8    0.024 0.0120
auth_14      0.79      0.80    0.82      0.24 4.0    0.023 0.0105

 Item statistics 
          n raw.r std.r r.cor r.drop mean   sd
auth_4  179  0.54  0.54  0.48   0.43  5.1 1.10
auth_7  179  0.51  0.52  0.46   0.42  5.6 1.00
auth_11 179  0.57  0.56  0.51   0.45  5.1 1.31
auth_1  179  0.59  0.60  0.58   0.50  5.7 1.03
auth_8  179  0.43  0.42  0.34   0.30  5.6 1.23
auth_12 179  0.63  0.64  0.61   0.54  5.5 1.04
auth_2  179  0.61  0.64  0.62   0.54  5.9 0.80
auth_5  179  0.43  0.45  0.41   0.32  5.8 0.98
auth_9  179  0.48  0.47  0.40   0.34  5.5 1.28
auth_13 179  0.51  0.53  0.49   0.41  5.8 1.01
auth_3  179  0.54  0.50  0.44   0.40  4.8 1.41
auth_6  179  0.56  0.56  0.51   0.46  5.7 1.09
auth_10 179  0.58  0.59  0.54   0.49  5.7 1.03
auth_14 179  0.52  0.51  0.46   0.41  5.6 1.12

Non missing response frequency for each item
           1    2    3    4    5    6    7 miss
auth_4  0.00 0.01 0.08 0.21 0.29 0.34 0.08    0
auth_7  0.00 0.00 0.04 0.06 0.28 0.42 0.18    0
auth_11 0.01 0.04 0.08 0.20 0.23 0.34 0.11    0
auth_1  0.00 0.01 0.04 0.06 0.23 0.45 0.21    0
auth_8  0.01 0.01 0.06 0.11 0.18 0.40 0.23    0
auth_12 0.00 0.01 0.05 0.09 0.31 0.41 0.14    0
auth_2  0.00 0.00 0.01 0.06 0.18 0.56 0.20    0
auth_5  0.01 0.00 0.02 0.05 0.25 0.44 0.25    0
auth_9  0.00 0.03 0.06 0.11 0.23 0.35 0.22    0
auth_13 0.00 0.00 0.02 0.09 0.20 0.40 0.29    0
auth_3  0.01 0.07 0.11 0.20 0.27 0.23 0.11    0
auth_6  0.01 0.01 0.04 0.05 0.25 0.42 0.23    0
auth_10 0.00 0.01 0.04 0.07 0.22 0.46 0.20    0
auth_14 0.00 0.02 0.02 0.09 0.28 0.35 0.24    0
