
Reliability analysis   
Call: alpha(x = get(scale), check.keys = TRUE)

  raw_alpha std.alpha G6(smc) average_r S/N   ase mean   sd median_r
      0.78       0.8    0.82      0.29   4 0.024  4.7 0.83     0.25

 lower alpha upper     95% confidence boundaries
0.74 0.78 0.83 

 Reliability if an item is dropped:
       raw_alpha std.alpha G6(smc) average_r S/N alpha se var.r med.r
bfi_5       0.75      0.77    0.78      0.27 3.3    0.027 0.017  0.24
bfi_10      0.76      0.78    0.80      0.28 3.5    0.026 0.020  0.24
bfi_15      0.78      0.79    0.81      0.30 3.8    0.025 0.018  0.26
bfi_20      0.75      0.76    0.78      0.26 3.2    0.028 0.016  0.24
bfi_25      0.77      0.79    0.80      0.29 3.7    0.025 0.017  0.27
bfi_30      0.77      0.79    0.80      0.29 3.8    0.026 0.017  0.26
bfi_35      0.78      0.80    0.82      0.31 4.1    0.024 0.019  0.29
bfi_40      0.77      0.78    0.80      0.29 3.6    0.026 0.019  0.26
bfi_41      0.76      0.78    0.80      0.29 3.6    0.027 0.020  0.25
bfi_44      0.77      0.79    0.81      0.30 3.8    0.025 0.018  0.28

 Item statistics 
         n raw.r std.r r.cor r.drop mean  sd
bfi_5  181  0.69  0.72  0.70   0.60  5.0 1.2
bfi_10 181  0.60  0.65  0.59   0.52  6.2 1.0
bfi_15 181  0.48  0.53  0.44   0.36  5.2 1.2
bfi_20 181  0.71  0.76  0.75   0.63  5.7 1.2
bfi_25 181  0.56  0.59  0.54   0.43  5.1 1.4
bfi_30 181  0.61  0.56  0.50   0.46  5.0 1.6
bfi_35 181  0.46  0.46  0.35   0.31  1.8 1.5
bfi_40 181  0.57  0.60  0.55   0.45  5.6 1.2
bfi_41 181  0.66  0.60  0.54   0.50  3.4 1.9
bfi_44 181  0.60  0.53  0.46   0.43  4.1 1.9

Non missing response frequency for each item
          0    1    2    3    4    5    6    7 miss
bfi_5  0.00 0.01 0.02 0.06 0.20 0.34 0.29 0.08    0
bfi_10 0.00 0.00 0.01 0.02 0.05 0.16 0.27 0.50    0
bfi_15 0.00 0.01 0.01 0.08 0.14 0.35 0.27 0.15    0
bfi_20 0.00 0.00 0.01 0.04 0.10 0.24 0.30 0.31    0
bfi_25 0.00 0.01 0.05 0.07 0.18 0.30 0.24 0.15    0
bfi_30 0.00 0.04 0.06 0.08 0.16 0.22 0.28 0.17    0
bfi_35 0.21 0.27 0.25 0.13 0.09 0.04 0.02 0.00    0
bfi_40 0.00 0.01 0.01 0.04 0.08 0.31 0.28 0.27    0
bfi_41 0.07 0.15 0.10 0.12 0.18 0.23 0.14 0.00    0
bfi_44 0.00 0.09 0.17 0.10 0.19 0.17 0.16 0.12    0
