
Reliability analysis   
Call: alpha(x = get(scale), check.keys = TRUE)

  raw_alpha std.alpha G6(smc) average_r S/N   ase mean   sd median_r
      0.81      0.82    0.83      0.36 4.5 0.021  3.3 0.99     0.34

 lower alpha upper     95% confidence boundaries
0.77 0.81 0.86 

 Reliability if an item is dropped:
       raw_alpha std.alpha G6(smc) average_r S/N alpha se var.r med.r
bfi_4       0.80      0.81    0.81      0.38 4.2    0.022 0.011  0.36
bfi_9       0.79      0.78    0.79      0.34 3.6    0.024 0.013  0.34
bfi_14      0.80      0.80    0.81      0.37 4.0    0.023 0.015  0.36
bfi_19      0.80      0.80    0.81      0.36 4.0    0.023 0.017  0.34
bfi_24      0.78      0.78    0.78      0.34 3.5    0.025 0.012  0.33
bfi_29      0.78      0.79    0.80      0.35 3.8    0.024 0.013  0.34
bfi_34      0.80      0.81    0.80      0.37 4.1    0.022 0.009  0.34
bfi_39      0.80      0.81    0.81      0.37 4.2    0.022 0.015  0.36

 Item statistics 
         n raw.r std.r r.cor r.drop mean  sd
bfi_4  179  0.60  0.60  0.52   0.46  2.5 1.5
bfi_9  179  0.71  0.73  0.70   0.61  2.8 1.3
bfi_14 179  0.65  0.64  0.56   0.52  4.5 1.5
bfi_19 179  0.67  0.66  0.58   0.53  3.9 1.7
bfi_24 179  0.75  0.76  0.73   0.65  2.8 1.5
bfi_29 179  0.72  0.70  0.65   0.59  3.9 1.7
bfi_34 179  0.58  0.62  0.56   0.47  2.5 1.2
bfi_39 179  0.61  0.61  0.52   0.46  3.7 1.6

Non missing response frequency for each item
          1    2    3    4    5    6    7 miss
bfi_4  0.28 0.36 0.12 0.12 0.07 0.02 0.02    0
bfi_9  0.15 0.34 0.29 0.09 0.11 0.01 0.01    0
bfi_14 0.01 0.13 0.15 0.15 0.25 0.25 0.07    0
bfi_19 0.06 0.22 0.18 0.09 0.26 0.12 0.07    0
bfi_24 0.19 0.36 0.18 0.10 0.12 0.04 0.01    0
bfi_29 0.04 0.25 0.16 0.12 0.24 0.12 0.06    0
bfi_34 0.21 0.36 0.26 0.10 0.06 0.01 0.00    0
bfi_39 0.06 0.21 0.21 0.11 0.28 0.08 0.04    0
