
Reliability analysis   
Call: alpha(x = get(scale), check.keys = TRUE)

  raw_alpha std.alpha G6(smc) average_r S/N  ase mean sd median_r
      0.81      0.82    0.83      0.36 4.4 0.02  2.8  1     0.36

 lower alpha upper     95% confidence boundaries
0.77 0.81 0.85 

 Reliability if an item is dropped:
       raw_alpha std.alpha G6(smc) average_r S/N alpha se var.r med.r
bfi_4       0.81      0.81    0.82      0.38 4.3    0.021 0.019  0.40
bfi_9       0.78      0.78    0.78      0.34 3.5    0.023 0.017  0.32
bfi_14      0.80      0.81    0.81      0.37 4.2    0.022 0.016  0.39
bfi_19      0.77      0.78    0.79      0.34 3.6    0.025 0.017  0.35
bfi_24      0.80      0.80    0.81      0.36 3.9    0.022 0.022  0.37
bfi_29      0.77      0.78    0.79      0.34 3.6    0.025 0.020  0.30
bfi_34      0.81      0.81    0.81      0.38 4.2    0.021 0.012  0.39
bfi_39      0.77      0.78    0.79      0.34 3.5    0.025 0.018  0.30

 Item statistics 
         n raw.r std.r r.cor r.drop mean   sd
bfi_4  181  0.58  0.55  0.44   0.41  2.6 1.69
bfi_9  181  0.69  0.74  0.71   0.60  1.4 1.22
bfi_14 181  0.63  0.59  0.51   0.48  4.7 1.70
bfi_19 181  0.75  0.73  0.70   0.63  4.1 1.71
bfi_24 181  0.62  0.64  0.56   0.48  1.5 1.49
bfi_29 181  0.76  0.73  0.68   0.63  3.8 1.85
bfi_34 181  0.49  0.57  0.50   0.40  1.1 0.92
bfi_39 181  0.75  0.74  0.70   0.63  3.5 1.72

Non missing response frequency for each item
          0    1    2    3    4    5    6    7 miss
bfi_4  0.00 0.38 0.22 0.08 0.16 0.10 0.04 0.02    0
bfi_9  0.23 0.39 0.21 0.12 0.03 0.02 0.01 0.00    0
bfi_14 0.00 0.05 0.09 0.10 0.15 0.27 0.19 0.15    0
bfi_19 0.00 0.08 0.13 0.17 0.14 0.25 0.17 0.07    0
bfi_24 0.28 0.33 0.16 0.10 0.07 0.04 0.02 0.00    0
bfi_29 0.00 0.12 0.20 0.16 0.09 0.25 0.09 0.09    0
bfi_34 0.25 0.49 0.19 0.04 0.02 0.01 0.00 0.00    0
bfi_39 0.00 0.10 0.25 0.23 0.09 0.18 0.09 0.06    0
