
Reliability analysis   
Call: alpha(x = get(scale), check.keys = TRUE)

  raw_alpha std.alpha G6(smc) average_r S/N   ase mean   sd
      0.77      0.76    0.83      0.21 3.2 0.025  2.3 0.53

 lower alpha upper     95% confidence boundaries
0.72 0.77 0.82 

 Reliability if an item is dropped:
        raw_alpha std.alpha G6(smc) average_r S/N alpha se
ffmq_2       0.75      0.75    0.81      0.21 2.9    0.027
ffmq_3       0.75      0.74    0.81      0.21 2.9    0.027
ffmq_4       0.75      0.74    0.81      0.21 2.9    0.027
ffmq_5       0.77      0.76    0.83      0.23 3.2    0.025
ffmq_7       0.74      0.73    0.80      0.20 2.7    0.029
ffmq_8       0.77      0.77    0.83      0.23 3.3    0.025
ffmq_9       0.75      0.74    0.80      0.21 2.9    0.028
ffmq_10      0.77      0.76    0.82      0.22 3.2    0.025
ffmq_12      0.74      0.74    0.80      0.20 2.8    0.027
ffmq_13      0.75      0.74    0.80      0.20 2.8    0.027
ffmq_14      0.74      0.73    0.79      0.20 2.8    0.028
ffmq_15      0.76      0.75    0.82      0.22 3.1    0.026

 Item statistics 
          n raw.r std.r r.cor r.drop mean   sd
ffmq_2  187  0.54  0.53  0.50   0.41  2.3 1.06
ffmq_3  187  0.57  0.57  0.52   0.45  2.5 0.96
ffmq_4  187  0.59  0.56  0.52   0.45  2.3 1.12
ffmq_5  187  0.38  0.40  0.30   0.25  2.7 0.87
ffmq_7  187  0.66  0.64  0.63   0.55  2.1 1.06
ffmq_8  187  0.32  0.34  0.26   0.18  2.1 0.88
ffmq_9  187  0.59  0.57  0.55   0.46  2.3 1.05
ffmq_10 187  0.40  0.42  0.34   0.27  2.6 0.91
ffmq_12 187  0.60  0.59  0.57   0.48  2.3 1.04
ffmq_13 187  0.58  0.60  0.56   0.47  2.1 0.96
ffmq_14 187  0.65  0.62  0.62   0.53  2.4 1.08
ffmq_15 187  0.46  0.47  0.40   0.32  2.2 0.99

Non missing response frequency for each item
           0    1    2    3    4 miss
ffmq_2  0.04 0.19 0.29 0.35 0.13    0
ffmq_3  0.03 0.11 0.35 0.38 0.13    0
ffmq_4  0.05 0.21 0.32 0.26 0.16    0
ffmq_5  0.02 0.07 0.28 0.49 0.14    0
ffmq_7  0.06 0.22 0.32 0.30 0.09    0
ffmq_8  0.03 0.24 0.44 0.25 0.05    0
ffmq_9  0.06 0.14 0.36 0.32 0.12    0
ffmq_10 0.01 0.10 0.36 0.37 0.17    0
ffmq_12 0.04 0.20 0.34 0.30 0.12    0
ffmq_13 0.03 0.26 0.38 0.26 0.07    0
ffmq_14 0.05 0.14 0.33 0.30 0.18    0
ffmq_15 0.03 0.20 0.37 0.29 0.10    0
