
Reliability analysis   
Call: alpha(x = get(scale), check.keys = TRUE)

  raw_alpha std.alpha G6(smc) average_r S/N   ase mean   sd
      0.84      0.85    0.85      0.38 5.5 0.018  4.6 0.92

 lower alpha upper     95% confidence boundaries
0.8 0.84 0.87 

 Reliability if an item is dropped:
       raw_alpha std.alpha G6(smc) average_r S/N alpha se     NA
bfi_2       0.83      0.84    0.84      0.40 5.3    0.019 0.0081
bfi_7       0.83      0.83    0.83      0.38 4.9    0.019 0.0099
bfi_12      0.82      0.83    0.83      0.38 4.8    0.020 0.0101
bfi_17      0.81      0.82    0.83      0.37 4.6    0.020 0.0109
bfi_22      0.83      0.84    0.84      0.40 5.3    0.018 0.0074
bfi_27      0.83      0.84    0.84      0.39 5.1    0.018 0.0111
bfi_32      0.81      0.82    0.81      0.36 4.4    0.021 0.0083
bfi_37      0.82      0.83    0.82      0.37 4.7    0.020 0.0096
bfi_42      0.82      0.83    0.82      0.37 4.7    0.020 0.0100

 Item statistics 
         n raw.r std.r r.cor r.drop mean   sd
bfi_2  179  0.61  0.58  0.51   0.48  2.8 1.53
bfi_7  179  0.63  0.66  0.61   0.55  5.6 0.99
bfi_12 179  0.70  0.69  0.64   0.58  4.1 1.57
bfi_17 179  0.73  0.73  0.68   0.62  5.3 1.49
bfi_22 179  0.53  0.57  0.49   0.43  5.9 1.08
bfi_27 179  0.64  0.61  0.54   0.49  3.3 1.68
bfi_32 179  0.76  0.77  0.76   0.68  5.6 1.33
bfi_37 179  0.72  0.70  0.66   0.61  3.3 1.62
bfi_42 179  0.68  0.70  0.66   0.59  5.6 1.12

Non missing response frequency for each item
          0    1    2    3    4    5    6    7 miss
bfi_2  0.05 0.16 0.30 0.17 0.15 0.14 0.03 0.00    0
bfi_7  0.00 0.00 0.01 0.04 0.03 0.33 0.44 0.15    0
bfi_12 0.02 0.04 0.14 0.09 0.18 0.35 0.18 0.00    0
bfi_17 0.00 0.02 0.03 0.09 0.08 0.23 0.32 0.21    0
bfi_22 0.00 0.00 0.02 0.03 0.04 0.12 0.49 0.30    0
bfi_27 0.06 0.12 0.17 0.18 0.13 0.28 0.05 0.00    0
bfi_32 0.00 0.00 0.04 0.06 0.07 0.18 0.41 0.23    0
bfi_37 0.03 0.11 0.27 0.13 0.18 0.20 0.08 0.00    0
bfi_42 0.00 0.01 0.01 0.04 0.03 0.27 0.46 0.18    0
