
Reliability analysis   
Call: alpha(x = get(scale), check.keys = TRUE)

  raw_alpha std.alpha G6(smc) average_r S/N   ase mean  sd
      0.85      0.85    0.86      0.36 5.6 0.018  4.4 1.1

 lower alpha upper     95% confidence boundaries
0.82 0.85 0.88 

 Reliability if an item is dropped:
         raw_alpha std.alpha G6(smc) average_r S/N alpha se
sc.hw_1       0.83      0.83    0.83      0.35 4.8    0.020
sc.hw_2       0.84      0.84    0.84      0.36 5.2    0.019
sc.hw_3       0.83      0.83    0.84      0.36 5.0    0.020
sc.hw_4       0.84      0.84    0.84      0.37 5.3    0.019
sc.hw_5       0.83      0.83    0.84      0.35 4.9    0.020
sc.hw_6       0.84      0.84    0.85      0.38 5.4    0.018
sc.hw_7       0.83      0.83    0.84      0.35 4.8    0.020
sc.hw_8       0.85      0.85    0.85      0.38 5.5    0.018
sc.hw_9       0.82      0.82    0.83      0.34 4.7    0.021
sc.hw_10      0.83      0.83    0.83      0.35 4.7    0.020

 Item statistics 
           n raw.r std.r r.cor r.drop mean  sd
sc.hw_1  157  0.69  0.70  0.66   0.61  3.1 1.5
sc.hw_2  157  0.63  0.62  0.57   0.51  3.6 1.9
sc.hw_3  157  0.67  0.67  0.62   0.57  5.4 1.8
sc.hw_4  157  0.57  0.58  0.52   0.46  5.0 1.6
sc.hw_5  157  0.67  0.67  0.62   0.57  4.4 1.7
sc.hw_6  157  0.55  0.55  0.49   0.44  3.3 1.6
sc.hw_7  157  0.72  0.72  0.68   0.63  4.3 1.8
sc.hw_8  157  0.51  0.52  0.45   0.40  4.5 1.5
sc.hw_9  157  0.76  0.75  0.72   0.67  5.0 1.9
sc.hw_10 157  0.73  0.72  0.69   0.64  5.2 1.8

Non missing response frequency for each item
            0    1    2    3    4    5    6    7    8 miss
sc.hw_1  0.03 0.09 0.32 0.11 0.31 0.06 0.04 0.02 0.01    0
sc.hw_2  0.06 0.08 0.17 0.11 0.28 0.11 0.14 0.03 0.01    0
sc.hw_3  0.01 0.01 0.06 0.08 0.17 0.11 0.30 0.14 0.13    0
sc.hw_4  0.00 0.01 0.03 0.13 0.29 0.14 0.24 0.08 0.08    0
sc.hw_5  0.01 0.04 0.08 0.10 0.29 0.20 0.20 0.04 0.04    0
sc.hw_6  0.04 0.05 0.25 0.15 0.36 0.02 0.08 0.02 0.01    0
sc.hw_7  0.01 0.04 0.12 0.11 0.30 0.13 0.18 0.06 0.04    0
sc.hw_8  0.00 0.01 0.08 0.13 0.36 0.17 0.15 0.03 0.06    0
sc.hw_9  0.01 0.03 0.08 0.07 0.20 0.12 0.26 0.12 0.10    0
sc.hw_10 0.01 0.02 0.04 0.10 0.20 0.15 0.24 0.11 0.12    0
