
Reliability analysis   
Call: alpha(x = get(scale), check.keys = TRUE)

  raw_alpha std.alpha G6(smc) average_r S/N   ase mean   sd median_r
      0.72      0.74    0.81      0.16 2.8 0.031    3 0.34     0.14

 lower alpha upper     95% confidence boundaries
0.66 0.72 0.78 

 Reliability if an item is dropped:
        raw_alpha std.alpha G6(smc) average_r S/N alpha se var.r med.r
har_1        0.68      0.70    0.78      0.14 2.3    0.035 0.036  0.13
har_2        0.69      0.71    0.79      0.15 2.4    0.034 0.038  0.13
har_3-       0.73      0.74    0.80      0.17 2.9    0.030 0.031  0.15
har_4        0.72      0.73    0.80      0.16 2.7    0.031 0.034  0.14
har_5        0.74      0.75    0.81      0.18 3.0    0.029 0.032  0.15
har_6        0.69      0.71    0.78      0.15 2.4    0.034 0.038  0.12
har_7        0.69      0.71    0.78      0.15 2.4    0.034 0.037  0.14
har_8        0.71      0.72    0.80      0.16 2.6    0.032 0.036  0.14
har_9        0.70      0.72    0.80      0.16 2.6    0.033 0.039  0.14
har_10       0.69      0.71    0.79      0.15 2.5    0.034 0.038  0.14
har_11-      0.73      0.74    0.81      0.17 2.9    0.030 0.033  0.15
har_12       0.69      0.71    0.79      0.15 2.4    0.034 0.038  0.14
har_13       0.71      0.72    0.79      0.16 2.6    0.032 0.036  0.14
har_14-      0.73      0.74    0.80      0.17 2.9    0.030 0.032  0.15
har_15       0.69      0.71    0.79      0.15 2.5    0.034 0.039  0.14

 Item statistics 
          n raw.r std.r r.cor r.drop mean   sd
har_1   179  0.66  0.67  0.66  0.580  2.9 0.65
har_2   179  0.56  0.57  0.53  0.455  3.4 0.70
har_3-  179  0.27  0.27  0.21  0.122  2.6 0.76
har_4   179  0.40  0.39  0.34  0.250  3.5 0.81
har_5   179  0.21  0.20  0.12  0.046  2.3 0.84
har_6   179  0.58  0.60  0.56  0.483  3.3 0.65
har_7   179  0.60  0.60  0.58  0.502  2.7 0.69
har_8   179  0.46  0.45  0.40  0.324  3.6 0.76
har_9   179  0.50  0.49  0.42  0.363  2.6 0.83
har_10  179  0.56  0.55  0.52  0.445  2.6 0.77
har_11- 179  0.28  0.28  0.21  0.137  2.5 0.77
har_12  179  0.56  0.57  0.53  0.457  3.4 0.65
har_13  179  0.45  0.44  0.39  0.314  3.3 0.79
har_14- 179  0.27  0.27  0.21  0.127  2.9 0.77
har_15  179  0.55  0.57  0.52  0.444  3.1 0.69

Non missing response frequency for each item
          1    2    3    4 miss
har_1  0.01 0.25 0.59 0.16    0
har_2  0.02 0.08 0.42 0.49    0
har_3  0.11 0.41 0.42 0.06    0
har_4  0.03 0.10 0.23 0.64    0
har_5  0.15 0.46 0.30 0.09    0
har_6  0.01 0.09 0.51 0.40    0
har_7  0.03 0.37 0.51 0.09    0
har_8  0.03 0.08 0.20 0.70    0
har_9  0.07 0.39 0.39 0.16    0
har_10 0.06 0.37 0.45 0.12    0
har_11 0.12 0.33 0.50 0.05    0
har_12 0.01 0.07 0.40 0.53    0
har_13 0.03 0.10 0.38 0.49    0
har_14 0.21 0.53 0.23 0.04    0
har_15 0.01 0.16 0.53 0.30    0
