
Reliability analysis   
Call: psych::alpha(x = get(scale), check.keys = TRUE)

  raw_alpha std.alpha G6(smc) average_r S/N    ase mean  sd
      0.92      0.92    0.93      0.51  12 0.0041  5.4 1.3

 lower alpha upper     95% confidence boundaries
0.91 0.92 0.93 

 Reliability if an item is dropped:
      raw_alpha std.alpha G6(smc) average_r  S/N alpha se     NA
uh_1       0.91      0.91    0.92      0.51 10.4   0.0046 0.0109
uh_2       0.91      0.91    0.92      0.50 10.2   0.0046 0.0112
uh_3       0.91      0.91    0.92      0.51 10.2   0.0047 0.0103
uh_6       0.91      0.91    0.92      0.52 10.7   0.0044 0.0125
uh_7       0.91      0.91    0.92      0.50 10.0   0.0048 0.0103
uh_8       0.92      0.92    0.92      0.54 11.6   0.0042 0.0094
uh_9       0.91      0.91    0.92      0.51 10.3   0.0046 0.0129
uh_11      0.91      0.91    0.91      0.50  9.9   0.0048 0.0102
uh_14      0.91      0.91    0.92      0.51 10.4   0.0046 0.0115
uh_17      0.92      0.92    0.92      0.53 11.4   0.0042 0.0104
uh_20      0.91      0.92    0.92      0.52 10.8   0.0044 0.0126

 Item statistics 
        n raw.r std.r r.cor r.drop mean  sd
uh_1  806  0.76  0.77  0.75   0.71  5.6 1.6
uh_2  806  0.78  0.79  0.77   0.73  5.7 1.5
uh_3  806  0.79  0.79  0.77   0.74  5.3 1.7
uh_6  805  0.72  0.72  0.68   0.65  5.7 1.6
uh_7  806  0.82  0.81  0.80   0.77  5.3 1.8
uh_8  806  0.61  0.61  0.56   0.53  6.1 1.6
uh_9  806  0.77  0.78  0.75   0.72  5.7 1.5
uh_11 806  0.84  0.83  0.82   0.79  4.8 1.9
uh_14 806  0.78  0.76  0.74   0.71  4.4 2.1
uh_17 806  0.62  0.64  0.59   0.55  6.1 1.6
uh_20 806  0.72  0.71  0.67   0.65  5.1 1.9

Non missing response frequency for each item
         0    1    2    3    4    5    6    7    8 miss
uh_1  0.00 0.01 0.04 0.04 0.17 0.14 0.32 0.18 0.10    0
uh_2  0.00 0.00 0.03 0.05 0.15 0.14 0.31 0.23 0.09    0
uh_3  0.01 0.01 0.05 0.10 0.17 0.16 0.25 0.17 0.09    0
uh_6  0.00 0.01 0.02 0.04 0.16 0.15 0.26 0.22 0.14    0
uh_7  0.01 0.01 0.05 0.08 0.17 0.15 0.25 0.17 0.11    0
uh_8  0.00 0.00 0.02 0.03 0.12 0.11 0.27 0.23 0.21    0
uh_9  0.00 0.00 0.02 0.06 0.14 0.15 0.30 0.19 0.12    0
uh_11 0.01 0.02 0.10 0.09 0.20 0.16 0.20 0.13 0.08    0
uh_14 0.04 0.04 0.13 0.13 0.16 0.15 0.18 0.11 0.06    0
uh_17 0.00 0.00 0.02 0.04 0.12 0.11 0.26 0.23 0.22    0
uh_20 0.01 0.02 0.08 0.10 0.16 0.14 0.24 0.16 0.09    0
