
Reliability analysis   
Call: alpha(x = get(scale), check.keys = TRUE)

  raw_alpha std.alpha G6(smc) average_r S/N    ase mean   sd
      0.92      0.92    0.93      0.45  12 0.0093  5.9 0.71

 lower alpha upper     95% confidence boundaries
0.9 0.92 0.94 

 Reliability if an item is dropped:
       raw_alpha std.alpha G6(smc) average_r S/N alpha se
ili_1       0.91      0.92    0.93      0.45  11   0.0098
ili_2       0.92      0.92    0.93      0.45  12   0.0097
ili_3       0.91      0.92    0.93      0.45  11   0.0099
ili_4       0.91      0.92    0.93      0.44  11   0.0101
ili_5       0.91      0.92    0.93      0.44  11   0.0101
ili_6       0.92      0.92    0.93      0.46  12   0.0093
ili_7       0.91      0.91    0.92      0.43  11   0.0107
ili_8       0.91      0.92    0.93      0.45  11   0.0098
ili_9       0.91      0.92    0.93      0.44  11   0.0100
ili_10      0.91      0.92    0.93      0.44  11   0.0099
ili_11      0.91      0.92    0.93      0.45  11   0.0098
ili_12      0.91      0.92    0.93      0.45  11   0.0100
ili_13      0.91      0.92    0.93      0.44  11   0.0103
ili_14      0.92      0.92    0.93      0.45  12   0.0097
ili_15      0.92      0.92    0.93      0.46  12   0.0096

 Item statistics 
         n raw.r std.r r.cor r.drop mean   sd
ili_1  157  0.66  0.67  0.64   0.60  5.9 0.95
ili_2  157  0.62  0.64  0.61   0.56  6.1 0.86
ili_3  157  0.69  0.70  0.68   0.64  6.0 0.98
ili_4  157  0.74  0.72  0.70   0.68  5.6 1.23
ili_5  157  0.73  0.72  0.70   0.67  5.9 1.11
ili_6  157  0.63  0.59  0.56   0.54  5.5 1.39
ili_7  157  0.85  0.85  0.85   0.82  5.8 1.08
ili_8  157  0.69  0.66  0.64   0.62  5.5 1.25
ili_9  157  0.72  0.72  0.70   0.67  5.9 1.01
ili_10 157  0.68  0.71  0.68   0.64  6.5 0.76
ili_11 157  0.67  0.69  0.66   0.62  6.1 0.84
ili_12 157  0.71  0.70  0.68   0.66  5.8 1.01
ili_13 157  0.78  0.79  0.78   0.75  6.0 0.92
ili_14 157  0.63  0.65  0.62   0.58  6.3 0.78
ili_15 157  0.62  0.61  0.57   0.55  5.9 1.11

Non missing response frequency for each item
          1    2    3    4    5    6    7 miss
ili_1  0.00 0.00 0.03 0.08 0.08 0.55 0.26    0
ili_2  0.00 0.00 0.01 0.05 0.11 0.52 0.31    0
ili_3  0.00 0.01 0.03 0.03 0.17 0.45 0.32    0
ili_4  0.00 0.01 0.07 0.10 0.23 0.34 0.25    0
ili_5  0.01 0.01 0.03 0.07 0.11 0.48 0.29    0
ili_6  0.00 0.04 0.06 0.13 0.20 0.30 0.27    0
ili_7  0.00 0.02 0.02 0.05 0.20 0.42 0.29    0
ili_8  0.00 0.03 0.03 0.12 0.25 0.32 0.24    0
ili_9  0.00 0.01 0.01 0.10 0.15 0.43 0.31    0
ili_10 0.00 0.00 0.01 0.03 0.05 0.34 0.57    0
ili_11 0.00 0.00 0.01 0.04 0.13 0.45 0.38    0
ili_12 0.00 0.01 0.03 0.08 0.21 0.46 0.22    0
ili_13 0.00 0.00 0.01 0.06 0.16 0.45 0.31    0
ili_14 0.00 0.00 0.00 0.03 0.12 0.37 0.48    0
ili_15 0.01 0.01 0.01 0.08 0.19 0.38 0.32    0
