
Reliability analysis   
Call: alpha(x = get(scale), check.keys = TRUE)

  raw_alpha std.alpha G6(smc) average_r S/N    ase mean  sd
      0.91      0.92    0.94      0.35  11 0.0099    5 1.1

 lower alpha upper     95% confidence boundaries
0.89 0.91 0.93 

 Reliability if an item is dropped:
      raw_alpha std.alpha G6(smc) average_r  S/N alpha se
uh_1       0.91      0.91    0.94      0.35 10.3    0.010
uh_2       0.91      0.91    0.93      0.35 10.3    0.010
uh_3       0.91      0.91    0.94      0.35 10.3    0.010
uh_4       0.91      0.91    0.94      0.35 10.3    0.010
uh_5       0.91      0.91    0.94      0.35 10.4    0.010
uh_6       0.91      0.91    0.93      0.35 10.2    0.011
uh_7       0.91      0.91    0.94      0.36 10.7    0.010
uh_8       0.91      0.91    0.94      0.36 10.7    0.010
uh_9       0.91      0.91    0.94      0.35 10.3    0.010
uh_10      0.91      0.91    0.94      0.36 10.7    0.010
uh_11      0.91      0.91    0.93      0.35 10.0    0.011
uh_12      0.91      0.91    0.94      0.35 10.3    0.010
uh_13      0.91      0.91    0.94      0.36 10.7    0.010
uh_14      0.91      0.91    0.93      0.35 10.3    0.010
uh_15      0.91      0.91    0.94      0.36 10.6    0.010
uh_16      0.91      0.92    0.94      0.36 10.8    0.010
uh_17      0.91      0.91    0.94      0.35 10.0    0.011
uh_18      0.91      0.91    0.93      0.34  9.9    0.011
uh_19      0.91      0.91    0.94      0.36 10.5    0.010
uh_20      0.91      0.91    0.93      0.34  9.9    0.011

 Item statistics 
        n raw.r std.r r.cor r.drop mean  sd
uh_1  157  0.63  0.64  0.63   0.58  4.9 1.6
uh_2  157  0.64  0.65  0.64   0.59  5.1 1.5
uh_3  157  0.63  0.63  0.61   0.57  4.6 1.9
uh_4  157  0.64  0.64  0.63   0.59  5.0 2.0
uh_5  157  0.62  0.62  0.60   0.57  5.7 1.7
uh_6  157  0.67  0.68  0.67   0.62  5.0 1.9
uh_7  157  0.51  0.52  0.50   0.45  5.1 1.7
uh_8  157  0.51  0.52  0.48   0.45  5.6 1.5
uh_9  157  0.64  0.65  0.64   0.59  4.7 1.8
uh_10 157  0.55  0.53  0.50   0.48  5.5 2.1
uh_11 157  0.71  0.72  0.71   0.67  5.1 1.8
uh_12 157  0.63  0.63  0.60   0.58  4.9 1.9
uh_13 157  0.50  0.51  0.48   0.45  6.4 1.5
uh_14 157  0.63  0.63  0.62   0.57  4.1 2.0
uh_15 157  0.54  0.54  0.51   0.48  6.2 1.7
uh_16 157  0.51  0.49  0.46   0.44  4.8 2.1
uh_17 157  0.73  0.72  0.71   0.68  3.3 1.8
uh_18 157  0.77  0.77  0.77   0.74  4.9 1.9
uh_19 157  0.60  0.58  0.56   0.53  4.0 2.2
uh_20 157  0.75  0.75  0.74   0.71  4.9 1.7

Non missing response frequency for each item
         0    1    2    3    4    5    6    7    8 miss
uh_1  0.01 0.01 0.05 0.10 0.26 0.17 0.28 0.08 0.04    0
uh_2  0.00 0.01 0.03 0.11 0.23 0.17 0.27 0.13 0.05    0
uh_3  0.01 0.04 0.10 0.15 0.22 0.13 0.20 0.10 0.06    0
uh_4  0.02 0.04 0.05 0.07 0.22 0.15 0.20 0.15 0.10    0
uh_5  0.01 0.00 0.04 0.08 0.09 0.15 0.32 0.15 0.16    0
uh_6  0.01 0.01 0.11 0.10 0.15 0.13 0.23 0.17 0.08    0
uh_7  0.01 0.01 0.04 0.10 0.17 0.19 0.31 0.11 0.06    0
uh_8  0.00 0.01 0.02 0.06 0.17 0.19 0.27 0.18 0.10    0
uh_9  0.00 0.03 0.10 0.11 0.24 0.20 0.15 0.10 0.07    0
uh_10 0.01 0.03 0.07 0.04 0.17 0.08 0.22 0.18 0.20    0
uh_11 0.01 0.01 0.06 0.12 0.17 0.18 0.25 0.12 0.09    0
uh_12 0.02 0.04 0.05 0.11 0.20 0.15 0.20 0.14 0.08    0
uh_13 0.00 0.00 0.01 0.04 0.07 0.11 0.24 0.22 0.31    0
uh_14 0.03 0.06 0.17 0.13 0.20 0.11 0.17 0.10 0.03    0
uh_15 0.00 0.01 0.03 0.05 0.13 0.06 0.27 0.15 0.31    0
uh_16 0.03 0.04 0.11 0.10 0.19 0.11 0.18 0.12 0.11    0
uh_17 0.04 0.11 0.23 0.20 0.21 0.06 0.08 0.05 0.01    0
uh_18 0.01 0.03 0.08 0.08 0.22 0.20 0.15 0.14 0.09    0
uh_19 0.08 0.06 0.14 0.16 0.18 0.11 0.13 0.06 0.08    0
uh_20 0.00 0.03 0.06 0.11 0.22 0.19 0.22 0.11 0.06    0
