
Reliability analysis   
Call: alpha(x = get(scale), check.keys = TRUE)

  raw_alpha std.alpha G6(smc) average_r S/N   ase mean   sd median_r
      0.79       0.8    0.81      0.31 4.1 0.022  5.7 0.78     0.32

 lower alpha upper     95% confidence boundaries
0.75 0.79 0.83 

 Reliability if an item is dropped:
       raw_alpha std.alpha G6(smc) average_r S/N alpha se var.r med.r
bfi_3       0.77      0.77    0.78      0.30 3.4    0.024 0.015  0.30
bfi_8       0.74      0.77    0.78      0.29 3.3    0.027 0.013  0.30
bfi_13      0.77      0.78    0.79      0.30 3.5    0.024 0.016  0.32
bfi_18      0.75      0.77    0.77      0.30 3.4    0.026 0.011  0.30
bfi_23      0.76      0.78    0.79      0.31 3.6    0.025 0.014  0.34
bfi_28      0.79      0.80    0.79      0.33 3.9    0.022 0.011  0.34
bfi_33      0.77      0.78    0.79      0.30 3.5    0.024 0.015  0.30
bfi_38      0.78      0.80    0.81      0.33 4.0    0.022 0.013  0.35
bfi_43      0.77      0.79    0.80      0.32 3.8    0.024 0.011  0.34

 Item statistics 
         n raw.r std.r r.cor r.drop mean   sd
bfi_3  179  0.61  0.68  0.63   0.52  5.9 0.88
bfi_8  179  0.76  0.71  0.67   0.63  5.3 1.63
bfi_13 179  0.59  0.66  0.60   0.52  6.3 0.72
bfi_18 179  0.74  0.68  0.64   0.59  5.7 1.68
bfi_23 179  0.68  0.62  0.56   0.53  5.6 1.58
bfi_28 179  0.44  0.53  0.46   0.33  5.9 0.87
bfi_33 179  0.59  0.65  0.59   0.48  5.7 1.04
bfi_38 179  0.46  0.52  0.41   0.34  5.8 1.02
bfi_43 179  0.64  0.56  0.49   0.47  4.8 1.59

Non missing response frequency for each item
          1    2    3    4    5    6    7    8 miss
bfi_3  0.00 0.00 0.00 0.08 0.23 0.44 0.25 0.00    0
bfi_8  0.00 0.02 0.12 0.25 0.13 0.16 0.25 0.07    0
bfi_13 0.00 0.00 0.00 0.01 0.13 0.44 0.42 0.00    0
bfi_18 0.00 0.03 0.08 0.17 0.09 0.22 0.25 0.15    0
bfi_23 0.00 0.04 0.07 0.14 0.20 0.21 0.26 0.09    0
bfi_28 0.00 0.00 0.01 0.06 0.19 0.49 0.25 0.00    0
bfi_33 0.00 0.01 0.02 0.08 0.25 0.42 0.21 0.00    0
bfi_38 0.01 0.00 0.03 0.02 0.27 0.41 0.26 0.00    0
bfi_43 0.00 0.06 0.16 0.28 0.11 0.21 0.17 0.02    0
