
Reliability analysis   
Call: psych::alpha(x = get(scale)[other_rows, ], check.keys = TRUE)

  raw_alpha std.alpha G6(smc) average_r S/N    ase mean  sd
       0.9       0.9    0.91       0.5 9.1 0.0059    6 1.2

 lower alpha upper     95% confidence boundaries
0.89 0.9 0.91 

 Reliability if an item is dropped:
      raw_alpha std.alpha G6(smc) average_r S/N alpha se     NA
uh_4       0.89      0.89    0.90      0.50 7.9   0.0067 0.0113
uh_5       0.89      0.90    0.90      0.52 8.6   0.0064 0.0093
uh_10      0.89      0.89    0.90      0.51 8.2   0.0064 0.0087
uh_12      0.89      0.89    0.90      0.49 7.8   0.0067 0.0095
uh_13      0.88      0.89    0.89      0.50 8.0   0.0068 0.0089
uh_15      0.89      0.89    0.89      0.50 8.1   0.0067 0.0069
uh_16      0.88      0.89    0.89      0.49 7.8   0.0070 0.0100
uh_18      0.89      0.89    0.90      0.50 8.2   0.0065 0.0088
uh_19      0.89      0.89    0.90      0.50 8.0   0.0068 0.0117

 Item statistics 
        n raw.r std.r r.cor r.drop mean  sd
uh_4  655  0.75  0.76  0.72   0.68  6.2 1.5
uh_5  654  0.69  0.68  0.63   0.59  5.7 1.6
uh_10 655  0.70  0.73  0.69   0.63  6.7 1.3
uh_12 655  0.76  0.77  0.75   0.69  6.5 1.4
uh_13 654  0.78  0.76  0.74   0.70  5.6 1.8
uh_15 654  0.77  0.74  0.73   0.68  5.0 1.9
uh_16 654  0.79  0.78  0.76   0.72  5.4 1.6
uh_18 655  0.71  0.73  0.70   0.64  6.7 1.3
uh_19 655  0.76  0.75  0.71   0.68  5.7 1.7

Non missing response frequency for each item
         0    1    2    3    4    5    6    7    8 miss
uh_4  0.00 0.00 0.02 0.03 0.09 0.11 0.26 0.25 0.24    0
uh_5  0.00 0.00 0.04 0.06 0.15 0.15 0.27 0.20 0.14    0
uh_10 0.00 0.00 0.00 0.01 0.07 0.08 0.24 0.25 0.34    0
uh_12 0.00 0.00 0.01 0.02 0.08 0.09 0.26 0.25 0.30    0
uh_13 0.00 0.02 0.04 0.07 0.14 0.16 0.23 0.20 0.15    0
uh_15 0.03 0.02 0.06 0.12 0.17 0.17 0.22 0.14 0.08    0
uh_16 0.00 0.01 0.04 0.06 0.17 0.20 0.26 0.16 0.10    0
uh_18 0.00 0.00 0.00 0.01 0.07 0.08 0.21 0.24 0.39    0
uh_19 0.01 0.00 0.02 0.06 0.14 0.14 0.27 0.21 0.15    0
