
Reliability analysis   
Call: psych::alpha(x = get(scale)[other_rows, ], check.keys = TRUE)

  raw_alpha std.alpha G6(smc) average_r S/N    ase mean  sd
      0.93      0.93    0.94      0.56  14 0.0039  5.6 1.3

 lower alpha upper     95% confidence boundaries
0.92 0.93 0.94 

 Reliability if an item is dropped:
      raw_alpha std.alpha G6(smc) average_r S/N alpha se     NA
uh_1       0.93      0.93    0.93      0.55  12   0.0043 0.0092
uh_2       0.92      0.92    0.93      0.55  12   0.0044 0.0091
uh_3       0.92      0.92    0.93      0.55  12   0.0044 0.0082
uh_6       0.93      0.93    0.93      0.56  13   0.0042 0.0102
uh_7       0.92      0.92    0.93      0.55  12   0.0045 0.0088
uh_8       0.93      0.93    0.93      0.58  14   0.0039 0.0074
uh_9       0.92      0.93    0.93      0.55  12   0.0043 0.0108
uh_11      0.92      0.92    0.93      0.54  12   0.0045 0.0087
uh_14      0.93      0.93    0.93      0.56  13   0.0043 0.0096
uh_17      0.93      0.93    0.93      0.58  14   0.0040 0.0086
uh_20      0.93      0.93    0.93      0.56  13   0.0042 0.0103

 Item statistics 
        n raw.r std.r r.cor r.drop mean  sd
uh_1  655  0.78  0.79  0.77   0.73  5.7 1.5
uh_2  655  0.81  0.82  0.80   0.77  5.8 1.5
uh_3  655  0.81  0.81  0.79   0.76  5.5 1.7
uh_6  654  0.75  0.75  0.72   0.69  5.9 1.5
uh_7  655  0.83  0.83  0.82   0.79  5.6 1.7
uh_8  655  0.65  0.65  0.61   0.57  6.1 1.6
uh_9  655  0.79  0.80  0.77   0.75  5.8 1.5
uh_11 655  0.85  0.84  0.83   0.81  5.1 1.8
uh_14 655  0.80  0.78  0.76   0.74  4.8 1.9
uh_17 655  0.67  0.68  0.64   0.60  6.2 1.5
uh_20 655  0.77  0.76  0.72   0.70  5.2 1.9

Non missing response frequency for each item
         0    1    2    3    4    5    6    7    8 miss
uh_1  0.00 0.00 0.03 0.04 0.15 0.11 0.35 0.20 0.12    0
uh_2  0.00 0.00 0.03 0.05 0.13 0.15 0.30 0.24 0.10    0
uh_3  0.00 0.01 0.04 0.08 0.16 0.16 0.27 0.18 0.10    0
uh_6  0.00 0.00 0.02 0.04 0.15 0.15 0.27 0.23 0.14    0
uh_7  0.00 0.01 0.04 0.06 0.17 0.15 0.26 0.18 0.13    0
uh_8  0.00 0.00 0.02 0.03 0.11 0.12 0.28 0.22 0.22    0
uh_9  0.00 0.00 0.02 0.05 0.14 0.15 0.30 0.20 0.14    0
uh_11 0.01 0.01 0.08 0.08 0.21 0.17 0.20 0.15 0.09    0
uh_14 0.02 0.03 0.09 0.14 0.15 0.16 0.21 0.13 0.07    0
uh_17 0.00 0.00 0.01 0.03 0.11 0.11 0.25 0.24 0.24    0
uh_20 0.01 0.02 0.06 0.09 0.16 0.15 0.23 0.17 0.10    0
