
Reliability analysis   
Call: psych::alpha(x = get(scale)[self_rows, ], check.keys = TRUE)

  raw_alpha std.alpha G6(smc) average_r S/N   ase mean  sd
      0.79      0.79    0.81       0.3 3.8 0.026  5.4 1.1

 lower alpha upper     95% confidence boundaries
0.74 0.79 0.84 

 Reliability if an item is dropped:
      raw_alpha std.alpha G6(smc) average_r S/N alpha se    NA
uh_4       0.78      0.78    0.80      0.31 3.6    0.027 0.016
uh_5       0.78      0.78    0.80      0.31 3.6    0.027 0.017
uh_10      0.78      0.78    0.80      0.31 3.5    0.028 0.019
uh_12      0.75      0.75    0.77      0.27 3.0    0.031 0.019
uh_13      0.75      0.76    0.77      0.28 3.2    0.031 0.015
uh_15      0.75      0.76    0.77      0.29 3.2    0.030 0.018
uh_16      0.78      0.78    0.80      0.31 3.6    0.027 0.016
uh_18      0.75      0.75    0.77      0.28 3.1    0.030 0.018
uh_19      0.77      0.77    0.80      0.30 3.4    0.028 0.021

 Item statistics 
        n raw.r std.r r.cor r.drop mean  sd
uh_4  149  0.53  0.53  0.44   0.38  5.9 1.7
uh_5  149  0.55  0.54  0.47   0.38  4.8 2.0
uh_10 149  0.54  0.56  0.47   0.40  6.4 1.7
uh_12 149  0.71  0.73  0.70   0.61  6.5 1.6
uh_13 149  0.70  0.68  0.65   0.56  4.6 2.1
uh_15 149  0.69  0.65  0.62   0.55  4.0 2.1
uh_16 149  0.51  0.53  0.45   0.39  4.7 1.5
uh_18 149  0.68  0.70  0.67   0.59  6.9 1.4
uh_19 149  0.59  0.58  0.50   0.45  4.7 1.8

Non missing response frequency for each item
         0    1    2    3    4    5    6    7    8 miss
uh_4  0.00 0.00 0.04 0.07 0.13 0.09 0.28 0.19 0.20    0
uh_5  0.03 0.02 0.11 0.09 0.19 0.13 0.23 0.13 0.06    0
uh_10 0.00 0.01 0.03 0.04 0.05 0.09 0.24 0.22 0.32    0
uh_12 0.01 0.00 0.03 0.02 0.07 0.09 0.19 0.25 0.34    0
uh_13 0.01 0.06 0.13 0.11 0.14 0.15 0.17 0.13 0.09    0
uh_15 0.03 0.07 0.20 0.13 0.19 0.08 0.15 0.10 0.04    0
uh_16 0.00 0.01 0.08 0.13 0.22 0.21 0.26 0.07 0.01    0
uh_18 0.00 0.00 0.02 0.01 0.05 0.07 0.17 0.20 0.49    0
uh_19 0.01 0.01 0.11 0.11 0.22 0.17 0.19 0.10 0.06    0
