
Reliability analysis   
Call: psych::alpha(x = get(scale)[self_rows, ], check.keys = TRUE)

  raw_alpha std.alpha G6(smc) average_r S/N   ase mean  sd
      0.82      0.82    0.85       0.3 4.7 0.021  4.8 1.1

 lower alpha upper     95% confidence boundaries
0.78 0.82 0.86 

 Reliability if an item is dropped:
      raw_alpha std.alpha G6(smc) average_r S/N alpha se    NA
uh_1       0.81      0.81    0.84      0.30 4.2    0.023 0.021
uh_2       0.80      0.80    0.83      0.29 4.0    0.024 0.021
uh_3       0.80      0.80    0.83      0.29 4.0    0.024 0.022
uh_6       0.81      0.81    0.84      0.30 4.2    0.023 0.025
uh_7       0.79      0.80    0.82      0.28 3.9    0.025 0.020
uh_8       0.82      0.82    0.84      0.31 4.6    0.022 0.023
uh_9       0.80      0.80    0.83      0.29 4.0    0.024 0.023
uh_11      0.79      0.80    0.82      0.28 3.9    0.025 0.020
uh_14      0.81      0.81    0.84      0.31 4.4    0.023 0.022
uh_17      0.83      0.83    0.85      0.33 4.9    0.021 0.018
uh_20      0.82      0.82    0.85      0.31 4.6    0.022 0.025

 Item statistics 
        n raw.r std.r r.cor r.drop mean  sd
uh_1  149  0.60  0.61  0.56   0.50  4.8 1.6
uh_2  149  0.66  0.68  0.65   0.57  5.3 1.6
uh_3  149  0.68  0.68  0.65   0.59  4.6 1.8
uh_6  149  0.61  0.61  0.56   0.49  5.2 2.0
uh_7  149  0.73  0.72  0.71   0.64  4.4 2.0
uh_8  149  0.48  0.49  0.42   0.36  5.9 1.7
uh_9  149  0.67  0.68  0.66   0.59  5.2 1.7
uh_11 149  0.72  0.71  0.70   0.63  3.7 1.9
uh_14 149  0.57  0.55  0.50   0.45  3.0 1.9
uh_17 149  0.37  0.38  0.29   0.24  5.7 1.7
uh_20 149  0.51  0.50  0.41   0.37  4.6 2.0

Non missing response frequency for each item
         0    1    2    3    4    5    6    7    8 miss
uh_1  0.01 0.03 0.05 0.06 0.26 0.24 0.23 0.10 0.02    0
uh_2  0.00 0.01 0.04 0.07 0.23 0.09 0.32 0.19 0.05    0
uh_3  0.02 0.01 0.10 0.17 0.20 0.17 0.17 0.10 0.06    0
uh_6  0.03 0.03 0.05 0.05 0.19 0.13 0.24 0.16 0.11    0
uh_7  0.03 0.05 0.11 0.17 0.13 0.13 0.21 0.12 0.03    0
uh_8  0.00 0.01 0.05 0.04 0.15 0.07 0.25 0.26 0.19    0
uh_9  0.01 0.00 0.07 0.10 0.15 0.16 0.30 0.16 0.05    0
uh_11 0.05 0.06 0.21 0.15 0.19 0.13 0.17 0.03 0.02    0
uh_14 0.12 0.09 0.26 0.11 0.20 0.11 0.06 0.03 0.01    0
uh_17 0.00 0.01 0.04 0.05 0.19 0.09 0.30 0.18 0.15    0
uh_20 0.02 0.05 0.13 0.11 0.14 0.13 0.25 0.12 0.05    0
