    Q[1,1]     Q[1,2]     Q[1,3]     Q[1,4]     Q[2,1]     Q[2,2]     Q[2,3] 
 1.0029086  1.0040406  1.0008865  1.0120331  1.0040406  1.0017814  1.0038982 
    Q[2,4]     Q[3,1]     Q[3,2]     Q[3,3]     Q[3,4]     Q[4,1]     Q[4,2] 
 1.0119776  1.0008865  1.0038982  1.0054092  1.0089182  1.0120331  1.0119776 
    Q[4,3]     Q[4,4]   delta[1]   delta[2]   delta[3]   delta[4]      mu[1] 
 1.0089182  1.0193607  1.0002520  0.9982921  1.0071764  1.0082045  1.0007775 
     mu[2]      mu[3]      mu[4] SIGMA[1,1] SIGMA[1,2] SIGMA[1,3] SIGMA[1,4] 
 1.0002149  1.0007753  1.0001093  1.0032667  0.9981838  0.9984406  0.9983340 
SIGMA[2,1] SIGMA[2,2] SIGMA[2,3] SIGMA[2,4] SIGMA[3,1] SIGMA[3,2] SIGMA[3,3] 
 0.9981838  0.9999157  0.9988443  1.0030001  0.9984406  0.9988443  0.9996501 
SIGMA[3,4] SIGMA[4,1] SIGMA[4,2] SIGMA[4,3] SIGMA[4,4]       lp__ 
 0.9989107  0.9983340  1.0030001  0.9989107  0.9989354  1.0010724 
