    Q[1,1]     Q[1,2]     Q[1,3]     Q[1,4]     Q[2,1]     Q[2,2]     Q[2,3] 
 0.9997402  1.0056794  1.0047407  0.9990749  1.0056794  1.0076895  1.0002662 
    Q[2,4]     Q[3,1]     Q[3,2]     Q[3,3]     Q[3,4]     Q[4,1]     Q[4,2] 
 0.9993965  1.0047407  1.0002662  1.0049781  1.0080715  0.9990749  0.9993965 
    Q[4,3]     Q[4,4]   delta[1]   delta[2]   delta[3]   delta[4]      mu[1] 
 1.0080715  1.0031900  0.9983496  1.0070037  1.0064390  1.0103491  1.0005650 
     mu[2]      mu[3]      mu[4] SIGMA[1,1] SIGMA[1,2] SIGMA[1,3] SIGMA[1,4] 
 1.0025082  0.9994869  0.9993471  1.0007540  0.9996104  0.9990123  1.0003671 
SIGMA[2,1] SIGMA[2,2] SIGMA[2,3] SIGMA[2,4] SIGMA[3,1] SIGMA[3,2] SIGMA[3,3] 
 0.9996104  1.0005370  0.9987784  1.0022372  0.9990123  0.9987784  1.0000548 
SIGMA[3,4] SIGMA[4,1] SIGMA[4,2] SIGMA[4,3] SIGMA[4,4]       lp__ 
 0.9991564  1.0003671  1.0022372  0.9991564  1.0010661  0.9987865 
