                 brs        dis   leadChal        lnr      sc.hw          uh
brs       1.00000000  0.2039650  0.1208289 -0.1365356 -0.1997288  0.04209458
dis       0.20396502  1.0000000 -0.2178988 -0.2986490 -0.3439776 -0.23279230
leadChal  0.12082889 -0.2178988  1.0000000  0.4318509  0.3074918  0.27334375
lnr      -0.13653564 -0.2986490  0.4318509  1.0000000  0.5232122  0.16729707
sc.hw    -0.19972884 -0.3439776  0.3074918  0.5232122  1.0000000  0.31908299
uh        0.04209458 -0.2327923  0.2733437  0.1672971  0.3190830  1.00000000
uh.vmi    0.02023218 -0.2709875  0.2565638  0.2105167  0.3280856  0.73054576
              uh.vmi
brs       0.02023218
dis      -0.27098751
leadChal  0.25656376
lnr       0.21051667
sc.hw     0.32808561
uh        0.73054576
uh.vmi    1.00000000
