                  brs         dis    leadChal          lnr       sc.hw
brs       1.000000000  0.34548684  0.26589021  0.004876232 -0.06323718
dis       0.345486843  1.00000000 -0.08259297 -0.171656391 -0.21850327
leadChal  0.265890214 -0.08259297  1.00000000  0.555361952  0.44271849
lnr       0.004876232 -0.17165639  0.55536195  1.000000000  0.63311162
sc.hw    -0.063237185 -0.21850327  0.44271849  0.633111624  1.00000000
uh        0.191800315 -0.09537296  0.40949753  0.310968686  0.45360891
uh.vmi    0.169357154 -0.14001399  0.39499638  0.352546300  0.46144252
                  uh     uh.vmi
brs       0.19180031  0.1693572
dis      -0.09537296 -0.1400140
leadChal  0.40949753  0.3949964
lnr       0.31096869  0.3525463
sc.hw     0.45360891  0.4614425
uh        1.00000000  0.8034971
uh.vmi    0.80349710  1.0000000
