                brs         dis    leadChal        lnr      sc.hw          uh
brs       1.0000000 -0.22778912  0.38781749  0.4072784  0.4323711  0.45345710
dis      -0.2277891  1.00000000 -0.08447692 -0.1544673 -0.1881296 -0.09923912
leadChal  0.3878175 -0.08447692  1.00000000  0.4816157  0.3681622  0.34860333
lnr       0.4072784 -0.15446734  0.48161565  1.0000000  0.5498921  0.23913933
sc.hw     0.4323711 -0.18812957  0.36816223  0.5498921  1.0000000  0.37825861
uh        0.4534571 -0.09923912  0.34860333  0.2391393  0.3782586  1.00000000
uh.vmi    0.4258687 -0.12985545  0.32484740  0.2826018  0.3914141  0.75812884
             uh.vmi
brs       0.4258687
dis      -0.1298555
leadChal  0.3248474
lnr       0.2826018
sc.hw     0.3914141
uh        0.7581288
uh.vmi    1.0000000
