                 brs        dis   leadChal        lnr      sc.hw          uh
brs       1.00000000  0.2094269  0.1240560 -0.1418975 -0.2079804  0.04643431
dis       0.20942693  1.0000000 -0.2265212 -0.3105109 -0.3538357 -0.23870608
leadChal  0.12405596 -0.2265212  1.0000000  0.4449322  0.3166048  0.27961975
lnr      -0.14189754 -0.3105109  0.4449322  1.0000000  0.5362340  0.17214817
sc.hw    -0.20798042 -0.3538357  0.3166048  0.5362340  1.0000000  0.32881318
uh        0.04643431 -0.2387061  0.2796198  0.1721482  0.3288132  1.00000000
uh.vmi    0.02326272 -0.2809173  0.2635955  0.2171000  0.3376207  0.74457334
              uh.vmi
brs       0.02326272
dis      -0.28091731
leadChal  0.26359551
lnr       0.21709999
sc.hw     0.33762069
uh        0.74457334
uh.vmi    1.00000000
