                 brs         dis    leadChal         lnr      sc.hw         uh
brs       1.00000000  0.06474337 -0.02303547 -0.28268642 -0.3441543 -0.1009253
dis       0.06474337  1.00000000 -0.36119302 -0.43726848 -0.4758142 -0.3723421
leadChal -0.02303547 -0.36119302  1.00000000  0.31908298  0.1782080  0.1386332
lnr      -0.28268642 -0.43726848  0.31908298  1.00000000  0.4228165  0.0261358
sc.hw    -0.34415429 -0.47581422  0.17820798  0.42281651  1.0000000  0.1913703
uh       -0.10092533 -0.37234208  0.13863316  0.02613580  0.1913703  1.0000000
uh.vmi   -0.12383208 -0.41066889  0.12162553  0.07274407  0.2008967  0.6712019
              uh.vmi
brs      -0.12383208
dis      -0.41066889
leadChal  0.12162553
lnr       0.07274407
sc.hw     0.20089673
uh        0.67120186
uh.vmi    1.00000000
