              auth_bp   auth_imp     auth_rt    auth_sa  ili_champ     ili_emb
auth_bp   1.000000000 0.03593525 0.011601273 0.05684866 0.07028681 0.009432214
auth_imp  0.035935246 1.00000000 0.113094838 0.38819636 0.43859362 0.796563191
auth_rt   0.011601273 0.11309484 1.000000000 0.28692665 0.09780258 0.028835880
auth_sa   0.056848663 0.38819636 0.286926646 1.00000000 0.39260838 0.149268757
ili_champ 0.070286814 0.43859362 0.097802581 0.39260838 1.00000000 0.211408873
ili_emb   0.009432214 0.79656319 0.028835880 0.14926876 0.21140887 1.000000000
ili_ent   0.217926556 0.39261559 0.087024615 0.41439915 0.53779518 0.248134003
ili_pro   0.003553634 0.04648332 0.528332484 0.31532103 0.08051902 0.029573695
leadChal  0.026397723 0.42592665 0.236913989 0.33507882 0.35987302 0.271343210
tfl_id    0.005584702 0.24469170 0.019867244 0.13197254 0.14641681 0.368777288
tfl_insp  0.002101262 0.23973046 0.005485306 0.07352820 0.26728131 0.148432976
tfl_int   0.014559857 0.11815190 0.202415250 0.12347564 0.12794192 0.056487823
tfl_pers  0.005869817 0.08428372 0.223999955 0.17285102 0.09825391 0.025950129
tfl_sup   0.055305791 0.07869385 0.017322461 0.05951129 0.09120128 0.027745224
tfl_vis   0.174244077 0.14043044 0.028071541 0.10670135 0.13661914 0.245141015
             ili_ent     ili_pro   leadChal      tfl_id    tfl_insp    tfl_int
auth_bp   0.21792656 0.003553634 0.02639772 0.005584702 0.002101262 0.01455986
auth_imp  0.39261559 0.046483316 0.42592665 0.244691702 0.239730462 0.11815190
auth_rt   0.08702461 0.528332484 0.23691399 0.019867244 0.005485306 0.20241525
auth_sa   0.41439915 0.315321034 0.33507882 0.131972542 0.073528202 0.12347564
ili_champ 0.53779518 0.080519024 0.35987302 0.146416815 0.267281314 0.12794192
ili_emb   0.24813400 0.029573695 0.27134321 0.368777288 0.148432976 0.05648782
ili_ent   1.00000000 0.089063756 0.31862265 0.085437264 0.025154477 0.14058108
ili_pro   0.08906376 1.000000000 0.04147582 0.188590451 0.461468896 0.01393907
leadChal  0.31862265 0.041475820 1.00000000 0.074683282 0.020708310 0.12800047
tfl_id    0.08543726 0.188590451 0.07468328 1.000000000 0.348330969 0.02574788
tfl_insp  0.02515448 0.461468896 0.02070831 0.348330969 1.000000000 0.02104871
tfl_int   0.14058108 0.013939066 0.12800047 0.025747881 0.021048710 1.00000000
tfl_pers  0.08452052 0.093284335 0.44183287 0.293696940 0.007020319 0.02791389
tfl_sup   0.08755117 0.010974060 0.16389260 0.170469735 0.005181744 0.04617117
tfl_vis   0.10831337 0.016520688 0.12087606 0.030349466 0.181284802 0.26191110
             tfl_pers     tfl_sup    tfl_vis
auth_bp   0.005869817 0.055305791 0.17424408
auth_imp  0.084283716 0.078693851 0.14043044
auth_rt   0.223999955 0.017322461 0.02807154
auth_sa   0.172851016 0.059511295 0.10670135
ili_champ 0.098253913 0.091201276 0.13661914
ili_emb   0.025950129 0.027745224 0.24514102
ili_ent   0.084520521 0.087551169 0.10831337
ili_pro   0.093284335 0.010974060 0.01652069
leadChal  0.441832867 0.163892604 0.12087606
tfl_id    0.293696940 0.170469735 0.03034947
tfl_insp  0.007020319 0.005181744 0.18128480
tfl_int   0.027913889 0.046171166 0.26191110
tfl_pers  1.000000000 0.200284940 0.03595624
tfl_sup   0.200284940 1.000000000 0.14269495
tfl_vis   0.035956241 0.142694951 1.00000000
