            auth_bp  auth_imp   auth_rt   auth_sa ili_champ   ili_emb   ili_ent
auth_bp   1.0000000 0.2807998 0.3790545 0.4175188 0.3103588 0.3743444 0.4524777
auth_imp  0.2807998 1.0000000 0.3674782 0.3648329 0.3863300 0.3116707 0.4075507
auth_rt   0.3790545 0.3674782 1.0000000 0.4481545 0.4798478 0.3822556 0.4079112
auth_sa   0.4175188 0.3648329 0.4481545 1.0000000 0.4419756 0.5004774 0.4978197
ili_champ 0.3103588 0.3863300 0.4798478 0.4419756 1.0000000 0.3995841 0.5684678
ili_emb   0.3743444 0.3116707 0.3822556 0.5004774 0.3995841 1.0000000 0.5229085
ili_ent   0.4524777 0.4075507 0.4079112 0.4978197 0.5684678 0.5229085 1.0000000
ili_pro   0.4188012 0.4725303 0.3762107 0.5118653 0.5320278 0.4736506 0.6329026
leadChal  0.4110645 0.4548240 0.4449961 0.4923689 0.4834906 0.5041437 0.5556043
lnr       0.1154520 0.1948315 0.1361271 0.1391108 0.2284910 0.1543636 0.2790367
tfl_insp  0.3913194 0.3436698 0.3563179 0.4989119 0.5274957 0.5543188 0.6635272
tfl_int   0.3310344 0.2617629 0.3244633 0.4644878 0.3890137 0.4435332 0.4767193
tfl_pers  0.3398050 0.3484069 0.3037340 0.3643596 0.3318486 0.2042012 0.4309403
tfl_sup   0.3828342 0.3038873 0.1651516 0.3641767 0.3801566 0.4027521 0.3864346
tfl_vis   0.2050120 0.2302512 0.2948629 0.2655285 0.3178076 0.4401483 0.3533589
            ili_pro  leadChal        lnr  tfl_insp   tfl_int  tfl_pers
auth_bp   0.4188012 0.4110645 0.11545197 0.3913194 0.3310344 0.3398050
auth_imp  0.4725303 0.4548240 0.19483152 0.3436698 0.2617629 0.3484069
auth_rt   0.3762107 0.4449961 0.13612714 0.3563179 0.3244633 0.3037340
auth_sa   0.5118653 0.4923689 0.13911077 0.4989119 0.4644878 0.3643596
ili_champ 0.5320278 0.4834906 0.22849099 0.5274957 0.3890137 0.3318486
ili_emb   0.4736506 0.5041437 0.15436364 0.5543188 0.4435332 0.2042012
ili_ent   0.6329026 0.5556043 0.27903668 0.6635272 0.4767193 0.4309403
ili_pro   1.0000000 0.5417841 0.24232098 0.6020807 0.3435959 0.3048075
leadChal  0.5417841 1.0000000 0.41749543 0.5021961 0.5231337 0.2854126
lnr       0.2423210 0.4174954 1.00000000 0.2275157 0.1295718 0.1169602
tfl_insp  0.6020807 0.5021961 0.22751568 1.0000000 0.5196609 0.4836390
tfl_int   0.3435959 0.5231337 0.12957184 0.5196609 1.0000000 0.3373641
tfl_pers  0.3048075 0.2854126 0.11696022 0.4836390 0.3373641 1.0000000
tfl_sup   0.3710685 0.1723887 0.06094025 0.4297090 0.2705198 0.3305153
tfl_vis   0.4695570 0.4817548 0.23439321 0.4287426 0.3336188 0.1280184
             tfl_sup    tfl_vis
auth_bp   0.38283416 0.20501198
auth_imp  0.30388734 0.23025118
auth_rt   0.16515159 0.29486291
auth_sa   0.36417671 0.26552849
ili_champ 0.38015658 0.31780761
ili_emb   0.40275207 0.44014834
ili_ent   0.38643460 0.35335892
ili_pro   0.37106852 0.46955705
leadChal  0.17238873 0.48175480
lnr       0.06094025 0.23439321
tfl_insp  0.42970898 0.42874265
tfl_int   0.27051980 0.33361882
tfl_pers  0.33051532 0.12801839
tfl_sup   1.00000000 0.05518553
tfl_vis   0.05518553 1.00000000
