              auth_bp   auth_imp     auth_rt     auth_sa ili_champ    ili_emb
auth_bp    1.00000000 0.42618919 0.517949553 0.550246459 0.4515555 0.50787351
auth_imp   0.15840974 1.00000000 0.509194071 0.505074679 0.5232154 0.45271844
auth_rt    0.27110657 0.26005318 1.000000000 0.577560417 0.6059957 0.51833103
auth_sa    0.31245078 0.25487513 0.348133739 1.000000000 0.5726716 0.62332575
ili_champ  0.18888126 0.27778591 0.386001581 0.341697746 1.0000000 0.53146464
ili_emb    0.25839168 0.19029047 0.271589651 0.409449828 0.2882975 1.00000000
ili_ent    0.34931318 0.30091907 0.297776345 0.401079560 0.4841657 0.43047411
ili_pro    0.31250890 0.37816312 0.265997580 0.421003789 0.4449169 0.37416137
leadChal   0.30107168 0.35580826 0.346563496 0.396908322 0.3872558 0.40894429
lnr       -0.02520289 0.06473798 0.002793731 0.001245703 0.0996797 0.01602598
tfl_id     0.21030828 0.32856706 0.240984376 0.311943509 0.4371933 0.21812690
tfl_insp   0.27862794 0.22927399 0.241849604 0.404961364 0.4388421 0.46922027
tfl_int    0.21552002 0.13948970 0.207672295 0.367944202 0.2817936 0.34068707
tfl_pers   0.22431382 0.23500539 0.183458684 0.250928791 0.2115808 0.06940205
tfl_sup    0.27742907 0.18258284 0.030112210 0.255283550 0.2695955 0.29290502
tfl_vis    0.07255660 0.10119034 0.175479516 0.138695801 0.1986591 0.33564504
            ili_ent   ili_pro   leadChal          lnr     tfl_id  tfl_insp
auth_bp   0.5784546 0.5502914 0.54142783  0.263873688 0.46914194 0.5238779
auth_imp  0.5413092 0.6001555 0.58336861  0.345482077 0.56264620 0.4845388
auth_rt   0.5388641 0.5139091 0.57636916  0.289728103 0.49396731 0.4946616
auth_sa   0.6171635 0.6317884 0.61408267  0.288309379 0.54985446 0.6200246
ili_champ 0.6771799 0.6491454 0.60692800  0.376081294 0.64356250 0.6447562
ili_emb   0.6386877 0.5971648 0.62295432  0.301803848 0.47550843 0.6665704
ili_ent   1.0000000 0.7320192 0.66678386  0.424214893 0.64955212 0.7580560
ili_pro   0.5632552 1.0000000 0.65429347  0.387426141 0.73991313 0.7068431
leadChal  0.4695199 0.4520659 1.00000000  0.555361952 0.64072558 0.6199833
lnr       0.1560593 0.1128101 0.31908298  1.000000000 0.46043815 0.3748567
tfl_id    0.4454807 0.5749003 0.43328022  0.199672554 1.00000000 0.5976866
tfl_insp  0.6019203 0.5265580 0.40490522  0.098268041 0.37485893 1.0000000
tfl_int   0.3808972 0.2279632 0.43511493 -0.006107045 0.17189378 0.4320729
tfl_pers  0.3270386 0.1818829 0.15935992 -0.021494146 0.18177617 0.3914347
tfl_sup   0.2740593 0.2566769 0.03429733 -0.083092685 0.04281429 0.3252817
tfl_vis   0.2361818 0.3720325 0.38631472  0.105158401 0.30549295 0.3238537
            tfl_int     tfl_pers     tfl_sup   tfl_vis
auth_bp   0.4733887  0.480527236  0.52293451 0.3523812
auth_imp  0.4102242  0.489160822  0.44634691 0.3773907
auth_rt   0.4669894  0.447072277  0.31455896 0.4404512
auth_sa   0.5925060  0.501927500  0.50540001 0.4095507
ili_champ 0.5263659  0.470179989  0.51675568 0.4596061
ili_emb   0.5719024  0.349601319  0.53506604 0.5680589
ili_ent   0.6021953  0.561474722  0.52027975 0.4901078
ili_pro   0.4834797  0.445766991  0.50650937 0.5955713
leadChal  0.6420564  0.426986594  0.31832890 0.6062285
lnr       0.2815535  0.267322690  0.20906267 0.3808251
tfl_id    0.4374663  0.445678525  0.32597331 0.5448605
tfl_insp  0.6398492  0.610029823  0.56012698 0.5590306
tfl_int   1.0000000  0.479337130  0.41636529 0.4748130
tfl_pers  0.2228448  1.000000000  0.47155380 0.2796529
tfl_sup   0.1467441  0.213266369  1.00000000 0.2032246
tfl_vis   0.2172712 -0.008170066 -0.08914465 1.0000000
