             auth_bp    auth_imp   auth_rt    auth_sa ili_champ     ili_emb
auth_bp   1.00000000  0.23993253 0.4270292 0.53257867 0.1686044  0.04847755
auth_imp  0.23993253  1.00000000 0.3506420 0.23434059 0.2770261 -0.03136039
auth_rt   0.42702920  0.35064200 1.0000000 0.49111090 0.2643379  0.11953454
auth_sa   0.53257867  0.23434059 0.4911109 1.00000000 0.2272511  0.18879264
ili_champ 0.16860440  0.27702610 0.2643379 0.22725112 1.0000000  0.39412469
ili_emb   0.04847755 -0.03136039 0.1195345 0.18879264 0.3941247  1.00000000
ili_ent   0.18428107  0.22394038 0.2079521 0.25669294 0.4152816  0.50230395
ili_pro   0.08949176  0.16288531 0.1403373 0.17712873 0.4719715  0.39410026
leadChal  0.14889352  0.12542236 0.2792012 0.19630383 0.2317281  0.26844264
tfl_id    0.10589079  0.41913552 0.2486059 0.12834483 0.3355013  0.11547988
tfl_insp  0.30963337  0.26076599 0.3266904 0.29714530 0.3904834  0.25501783
tfl_int   0.30427041  0.08371720 0.1447499 0.16987844 0.1938030  0.22616921
tfl_pers  0.11749850  0.23492007 0.2332467 0.13687465 0.3219225  0.11026255
tfl_sup   0.17054232  0.21765340 0.1904949 0.09501145 0.2973077  0.16201515
tfl_vis   0.19994640  0.32847060 0.2817760 0.21785344 0.3569665  0.20622255
            ili_ent    ili_pro  leadChal    tfl_id  tfl_insp    tfl_int
auth_bp   0.1842811 0.08949176 0.1488935 0.1058908 0.3096334 0.30427041
auth_imp  0.2239404 0.16288531 0.1254224 0.4191355 0.2607660 0.08371720
auth_rt   0.2079521 0.14033725 0.2792012 0.2486059 0.3266904 0.14474987
auth_sa   0.2566929 0.17712873 0.1963038 0.1283448 0.2971453 0.16987844
ili_champ 0.4152816 0.47197154 0.2317281 0.3355013 0.3904834 0.19380304
ili_emb   0.5023040 0.39410026 0.2684426 0.1154799 0.2550178 0.22616921
ili_ent   1.0000000 0.55799089 0.1797880 0.2627550 0.3656594 0.23393541
ili_pro   0.5579909 1.00000000 0.1577039 0.3203122 0.2758976 0.09582286
leadChal  0.1797880 0.15770385 1.0000000 0.2278320 0.2932711 0.23358317
tfl_id    0.2627550 0.32031218 0.2278320 1.0000000 0.4233334 0.17237534
tfl_insp  0.3656594 0.27589760 0.2932711 0.4233334 1.0000000 0.44245706
tfl_int   0.2339354 0.09582286 0.2335832 0.1723753 0.4424571 1.00000000
tfl_pers  0.2400449 0.14004256 0.1181477 0.4249281 0.5736746 0.20145296
tfl_sup   0.2763896 0.23297986 0.1461915 0.2895037 0.3770672 0.15939266
tfl_vis   0.2283212 0.27568111 0.3238501 0.4088996 0.5236134 0.14035198
           tfl_pers    tfl_sup   tfl_vis
auth_bp   0.1174985 0.17054232 0.1999464
auth_imp  0.2349201 0.21765340 0.3284706
auth_rt   0.2332467 0.19049493 0.2817760
auth_sa   0.1368746 0.09501145 0.2178534
ili_champ 0.3219225 0.29730769 0.3569665
ili_emb   0.1102625 0.16201515 0.2062225
ili_ent   0.2400449 0.27638961 0.2283212
ili_pro   0.1400426 0.23297986 0.2756811
leadChal  0.1181477 0.14619148 0.3238501
tfl_id    0.4249281 0.28950368 0.4088996
tfl_insp  0.5736746 0.37706716 0.5236134
tfl_int   0.2014530 0.15939266 0.1403520
tfl_pers  1.0000000 0.45194522 0.5167204
tfl_sup   0.4519452 1.00000000 0.3247870
tfl_vis   0.5167204 0.32478703 1.0000000
