             bfi_agree    bfi_consc  bfi_extrav    bfi_neur    bfi_open
bfi_agree   1.00000000  0.293477552  0.05331768 -0.40065875  0.05075387
bfi_consc   0.29347755  1.000000000  0.09846302 -0.35048762 -0.05824918
bfi_extrav  0.05331768  0.098463022  1.00000000 -0.22390039  0.32320788
bfi_neur   -0.40065875 -0.350487621 -0.22390039  1.00000000 -0.06923502
bfi_open    0.05075387 -0.058249176  0.32320788 -0.06923502  1.00000000
ffmq_aa     0.17672231  0.332645630  0.08429997 -0.40272467  0.08733804
ffmq_de     0.16454498  0.173477456  0.39425767 -0.27265390  0.25515281
ffmq_nj     0.33948571  0.273791573  0.23405764 -0.50543666 -0.06583580
ffmq_nr     0.18124240  0.180447620  0.05373033 -0.39588636  0.05917896
ffmq_ob     0.01607407  0.009735199  0.08209935  0.20155158  0.28179980
grt         0.26859551  0.647443970  0.16701330 -0.46118886  0.03562024
leadChal    0.08982562  0.371810435  0.29777116 -0.22126605  0.30136608
               ffmq_aa     ffmq_de     ffmq_nj     ffmq_nr      ffmq_ob
bfi_agree   0.17672231  0.16454498  0.33948571  0.18124240  0.016074074
bfi_consc   0.33264563  0.17347746  0.27379157  0.18044762  0.009735199
bfi_extrav  0.08429997  0.39425767  0.23405764  0.05373033  0.082099348
bfi_neur   -0.40272467 -0.27265390 -0.50543666 -0.39588636  0.201551585
bfi_open    0.08733804  0.25515281 -0.06583580  0.05917896  0.281799799
ffmq_aa     1.00000000  0.21864127  0.33265547  0.19667201 -0.030360487
ffmq_de     0.21864127  1.00000000  0.28988713  0.20976796  0.092821864
ffmq_nj     0.33265547  0.28988713  1.00000000  0.21959755 -0.206749631
ffmq_nr     0.19667201  0.20976796  0.21959755  1.00000000  0.047251749
ffmq_ob    -0.03036049  0.09282186 -0.20674963  0.04725175  1.000000000
grt         0.43007367  0.24453117  0.39669639  0.25947173 -0.091090123
leadChal    0.11462952  0.17637393  0.06476176  0.19837186  0.179454694
                   grt    leadChal
bfi_agree   0.26859551  0.08982562
bfi_consc   0.64744397  0.37181044
bfi_extrav  0.16701330  0.29777116
bfi_neur   -0.46118886 -0.22126605
bfi_open    0.03562024  0.30136608
ffmq_aa     0.43007367  0.11462952
ffmq_de     0.24453117  0.17637393
ffmq_nj     0.39669639  0.06476176
ffmq_nr     0.25947173  0.19837186
ffmq_ob    -0.09109012  0.17945469
grt         1.00000000  0.38899143
leadChal    0.38899143  1.00000000
