            bfi_agree   bfi_consc  bfi_extrav    bfi_neur   bfi_open
bfi_agree   1.0000000  0.35564063  0.15329845 -0.23758473 0.15181574
bfi_consc   0.3556406  1.00000000  0.18541332 -0.18880810 0.05537936
bfi_extrav  0.1532984  0.18541332  1.00000000 -0.08766533 0.38746490
bfi_neur   -0.2375847 -0.18880810 -0.08766533  1.00000000 0.04938225
bfi_open    0.1518157  0.05537936  0.38746490  0.04938225 1.00000000
ffmq_aa     0.2519560  0.39615546  0.16983259 -0.23890639 0.18025369
ffmq_de     0.2425602  0.25610173  0.44654550 -0.12770670 0.32504617
ffmq_nj     0.4012370  0.34557922  0.30053851 -0.31733232 0.05149453
ffmq_nr     0.2616215  0.26943305  0.15268444 -0.22535287 0.15541715
ffmq_ob     0.1189500  0.10857895  0.17354304  0.28026776 0.34586525
grt         0.3429209  0.67414137  0.24384240 -0.27872144 0.13437143
leadChal    0.1892154  0.43027084  0.36117433 -0.07867208 0.37039200
               ffmq_aa    ffmq_de     ffmq_nj    ffmq_nr     ffmq_ob
bfi_agree   0.25195601  0.2425602  0.40123702  0.2616215  0.11895004
bfi_consc   0.39615546  0.2561017  0.34557922  0.2694330  0.10857895
bfi_extrav  0.16983259  0.4465455  0.30053851  0.1526844  0.17354304
bfi_neur   -0.23890639 -0.1277067 -0.31733232 -0.2253529  0.28026776
bfi_open    0.18025369  0.3250462  0.05149453  0.1554172  0.34586525
ffmq_aa     1.00000000  0.2827152  0.39034243  0.2824523  0.08105745
ffmq_de     0.28271522  1.0000000  0.35114383  0.2851959  0.18433355
ffmq_nj     0.39034243  0.3511438  1.00000000  0.3005478 -0.07384326
ffmq_nr     0.28245235  0.2851959  0.30054775  1.0000000  0.14401333
ffmq_ob     0.08105745  0.1843335 -0.07384326  0.1440133  1.00000000
grt         0.48909400  0.3157785  0.45867971  0.3334462  0.03086295
leadChal    0.20507274  0.2516553  0.15825722  0.2794658  0.24763607
                   grt    leadChal
bfi_agree   0.34292090  0.18921537
bfi_consc   0.67414137  0.43027084
bfi_extrav  0.24384240  0.36117433
bfi_neur   -0.27872144 -0.07867208
bfi_open    0.13437143  0.37039200
ffmq_aa     0.48909400  0.20507274
ffmq_de     0.31577846  0.25165527
ffmq_nj     0.45867971  0.15825722
ffmq_nr     0.33344616  0.27946576
ffmq_ob     0.03086295  0.24763607
grt         1.00000000  0.45302592
leadChal    0.45302592  1.00000000
