                bfi_agree    bfi_consc    bfi_extrav      bfi_neur     bfi_open
bfi_agree     1.000000000  0.962642148  0.1397997300 -2.154653e-02 2.217496e-01
bfi_consc     0.962642148  1.000000000  0.0866734067 -1.439971e-02 2.065382e-01
bfi_extrav    0.139799730  0.086673407  1.0000000000  4.456224e-01 2.102977e-01
bfi_neur     -0.021546529 -0.014399708  0.4456224360  1.000000e+00 5.063114e-01
bfi_open      0.221749574  0.206538151  0.2102976887  5.063114e-01 1.000000e+00
ffmq_aa       0.110213573  0.145915943 -0.0008830263 -3.918292e-04 4.635594e-02
ffmq_de       0.044135256  0.035336065  0.1389806549  1.366707e-02 1.737156e-02
ffmq_nj       0.423577462  0.335766866  0.0031494346 -1.466582e-03 4.703168e-04
ffmq_nr       0.036024636  0.044073766  0.2902243144  5.771596e-01 1.858774e-01
ffmq_ob       0.174770368  0.109518958  0.1726334683  2.604223e-01 1.594923e-01
ffmq          0.106726292  0.155758121  0.0205327002  1.118359e-01 9.651973e-02
grt           0.431054027  0.372744992  0.0027662494 -9.596019e-05 5.774246e-05
har           0.030514343  0.038863723  0.0498893851 -2.077626e-03 4.028146e-03
leadChal_bp1  0.189253984  0.080093766  0.1618845688  2.091270e-01 5.002342e-01
leadChal_bp2  0.036551769  0.035717864  0.1424868163  3.124167e-01 2.052039e-01
leadChal_bp3  0.343189930  0.339311286  0.2865296147  3.613329e-03 1.423936e-02
leadChal      0.061606640  0.008743358  0.0573837367 -3.548330e-04 4.890409e-04
lnr           0.340694970  0.307182155  0.1032073484 -4.585772e-03 5.382104e-03
mt_bp1        0.290288182  0.198824806  0.1632575889  2.595147e-01 4.513645e-01
mt_bp2        0.221084905  0.219639608  0.0357702681 -1.223110e-03 4.012389e-03
mt_bp3        0.025017487  0.084852191  0.0068739241 -1.191413e-03 7.585163e-04
mt            0.005301748  0.014613656  0.1669205624  2.625571e-01 2.902126e-01
                   ffmq_aa    ffmq_de       ffmq_nj       ffmq_nr      ffmq_ob
bfi_agree     1.102136e-01 0.04413526  0.4235774621  3.602464e-02 0.1747703676
bfi_consc     1.459159e-01 0.03533606  0.3357668662  4.407377e-02 0.1095189578
bfi_extrav   -8.830263e-04 0.13898065  0.0031494346  2.902243e-01 0.1726334683
bfi_neur     -3.918292e-04 0.01366707 -0.0014665818  5.771596e-01 0.2604222971
bfi_open      4.635594e-02 0.01737156  0.0004703168  1.858774e-01 0.1594922751
ffmq_aa       1.000000e+00 0.07077350  0.2801792367 -4.162661e-05 0.0002192855
ffmq_de       7.077350e-02 1.00000000  0.5744151452  2.111361e-01 0.3596130200
ffmq_nj       2.801792e-01 0.57441515  1.0000000000  2.281736e-02 0.0700546672
ffmq_nr      -4.162661e-05 0.21113606  0.0228173598  1.000000e+00 0.3113771518
ffmq_ob       2.192855e-04 0.35961302  0.0700546672  3.113772e-01 1.0000000000
ffmq          4.968364e-04 0.01049627  0.0020373156  9.308104e-02 0.1513299206
grt           4.178698e-04 0.00199777  0.0009545161  6.142600e-03 0.0872720070
har           4.417762e-02 0.40042938  0.2358276288  2.194555e-01 0.0278534194
leadChal_bp1  6.834660e-02 0.18857541  0.0111919262  1.803784e-01 0.0005113128
leadChal_bp2  7.946113e-04 0.03334939  0.0039748353  1.111703e-02 0.0003774867
leadChal_bp3  3.592070e-04 0.05804014  0.3187851823  1.078198e-01 0.0101050964
leadChal      1.102094e-04 0.00682904  0.0011021096  6.004171e-02 0.0003598669
lnr           7.559497e-03 0.07270367  0.0149596923  3.805968e-02 0.3048090723
mt_bp1        3.479283e-04 0.09546064  0.0179268300  1.138602e-01 0.0114637356
mt_bp2        4.414560e-01 0.04556439  0.1254974589  5.582095e-02 0.0043558001
mt_bp3        9.538969e-04 0.03248794  0.0003020555  3.525598e-02 0.0033394522
mt            1.569638e-04 0.10957619  0.0008426957  1.913368e-01 0.1793947295
                     ffmq           grt          har leadChal_bp1 leadChal_bp2
bfi_agree    0.1067262919  4.310540e-01  0.030514343 0.1892539836 0.0365517690
bfi_consc    0.1557581209  3.727450e-01  0.038863723 0.0800937663 0.0357178642
bfi_extrav   0.0205327002  2.766249e-03  0.049889385 0.1618845688 0.1424868163
bfi_neur     0.1118359217 -9.596019e-05 -0.002077626 0.2091270093 0.3124167448
bfi_open     0.0965197273  5.774246e-05  0.004028146 0.5002341733 0.2052038714
ffmq_aa      0.0004968364  4.178698e-04  0.044177615 0.0683465962 0.0007946113
ffmq_de      0.0104962727  1.997770e-03  0.400429375 0.1885754100 0.0333493882
ffmq_nj      0.0020373156  9.545161e-04  0.235827629 0.0111919262 0.0039748353
ffmq_nr      0.0930810407  6.142600e-03  0.219455484 0.1803783862 0.0111170265
ffmq_ob      0.1513299206  8.727201e-02  0.027853419 0.0005113128 0.0003774867
ffmq         1.0000000000  1.593012e-01  0.154414320 0.0013720347 0.0006129764
grt          0.1593011926  1.000000e+00  0.001344428 0.0030327800 0.2682508405
har          0.1544143198  1.344428e-03  1.000000000 0.0028650175 0.0034842986
leadChal_bp1 0.0013720347  3.032780e-03  0.002865017 1.0000000000 0.2079611765
leadChal_bp2 0.0006129764  2.682508e-01  0.003484299 0.2079611765 1.0000000000
leadChal_bp3 0.3397721623  7.614883e-02  0.169346100 0.4620756995 0.2164107580
leadChal     0.1470555178  8.655400e-02  0.290318954 0.3316068237 0.0280198138
lnr          0.0026515980  2.773584e-01  0.021094969 0.2033978661 0.0436976312
mt_bp1       0.1854210298  4.590040e-01  0.024245048 0.2812698951 0.3981093247
mt_bp2       0.0571548767  2.582523e-01  0.077365367 0.0265975193 0.0168146508
mt_bp3       0.0964865800  4.787152e-02  0.005320891 0.0160861699 0.0110579758
mt           0.0003208050  1.992910e-01  0.002299414 0.2639833434 0.1940650892
             leadChal_bp3      leadChal          lnr       mt_bp1       mt_bp2
bfi_agree     0.343189930  0.0616066401  0.340694970 0.2902881824  0.221084905
bfi_consc     0.339311286  0.0087433584  0.307182155 0.1988248062  0.219639608
bfi_extrav    0.286529615  0.0573837367  0.103207348 0.1632575889  0.035770268
bfi_neur      0.003613329 -0.0003548330 -0.004585772 0.2595146980 -0.001223110
bfi_open      0.014239355  0.0004890409  0.005382104 0.4513644935  0.004012389
ffmq_aa       0.000359207  0.0001102094  0.007559497 0.0003479283  0.441456014
ffmq_de       0.058040137  0.0068290396  0.072703666 0.0954606400  0.045564387
ffmq_nj       0.318785182  0.0011021096  0.014959692 0.0179268300  0.125497459
ffmq_nr       0.107819763  0.0600417070  0.038059684 0.1138602411  0.055820954
ffmq_ob       0.010105096  0.0003598669  0.304809072 0.0114637356  0.004355800
ffmq          0.339772162  0.1470555178  0.002651598 0.1854210298  0.057154877
grt           0.076148826  0.0865539980  0.277358446 0.4590039955  0.258252328
har           0.169346100  0.2903189538  0.021094969 0.0242450481  0.077365367
leadChal_bp1  0.462075699  0.3316068237  0.203397866 0.2812698951  0.026597519
leadChal_bp2  0.216410758  0.0280198138  0.043697631 0.3981093247  0.016814651
leadChal_bp3  1.000000000  0.2747235872  0.120796378 0.1384956504  0.028565587
leadChal      0.274723587  1.0000000000  0.049885968 0.0947507777  0.003619638
lnr           0.120796378  0.0498859676  1.000000000 0.0458652128  0.021466718
mt_bp1        0.138495650  0.0947507777  0.045865213 1.0000000000  0.152604211
mt_bp2        0.028565587  0.0036196378  0.021466718 0.1526042109  1.000000000
mt_bp3        0.266403764  0.0026255446  0.012445688 0.0218430194  0.113754953
mt            0.007774998  0.0008766974  0.328638130 0.0698900154  0.007956051
                    mt_bp3           mt
bfi_agree     0.0250174867 0.0053017481
bfi_consc     0.0848521908 0.0146136560
bfi_extrav    0.0068739241 0.1669205624
bfi_neur     -0.0011914128 0.2625570651
bfi_open      0.0007585163 0.2902125763
ffmq_aa       0.0009538969 0.0001569638
ffmq_de       0.0324879388 0.1095761886
ffmq_nj       0.0003020555 0.0008426957
ffmq_nr       0.0352559757 0.1913367795
ffmq_ob       0.0033394522 0.1793947295
ffmq          0.0964865800 0.0003208050
grt           0.0478715199 0.1992910319
har           0.0053208907 0.0022994144
leadChal_bp1  0.0160861699 0.2639833434
leadChal_bp2  0.0110579758 0.1940650892
leadChal_bp3  0.2664037640 0.0077749983
leadChal      0.0026255446 0.0008766974
lnr           0.0124456883 0.3286381299
mt_bp1        0.0218430194 0.0698900154
mt_bp2        0.1137549531 0.0079560514
mt_bp3        1.0000000000 0.2615900024
mt            0.2615900024 1.0000000000
