             bfi_agree     bfi_consc   bfi_extrav     bfi_neur      bfi_open
bfi_agree    1.0000000   0.266618556  0.072946397   -0.3822505    0.14128475
bfi_consc    0.2666186   1.000000000 -0.008146776   -0.4696414   -0.01769250
bfi_extrav   0.0729464  -0.008146776  1.000000000   -0.6889854   -0.85774994
bfi_neur    -0.3822505  -0.469641419 -0.688985396    1.0000000  -83.38689489
bfi_open     0.1412847  -0.017692495 -0.857749941  -83.3868949    1.00000000
ffmq_aa    -74.6179933 -25.599999187 -3.036505043 -296.0607989   -0.08408684
ffmq_de      0.1030487  -0.028893009  0.157490555   -6.2478500    0.10419077
ffmq_nj     -0.0242335  -0.002478441 -0.071345964  -14.7006802   -0.05344139
ffmq_nr     -2.9270096  -1.371600693 -0.050306909  -18.0955190    0.09003474
ffmq_ob      0.1111022   0.130427971  0.023213512   -0.2350214    0.29055141
ffmq       -39.6130343  -9.337252348 -4.790991105  -14.3029876  -51.34049465
grt          0.1737383   0.603465745 -2.437945698   -0.2630818 -118.31802513
har          0.1408137   0.200557193  0.024691890   -0.2738681    0.18504682
leadChal   -26.3128068  -9.011586809 -0.650496136  -63.9852735  -27.66768536
lnr          0.1556106   0.389920581  0.166100819 -187.2677793   -0.02837472
mt           0.1734906   0.429105890 -1.824548460  -64.0940109    0.20384023
                 ffmq_aa      ffmq_de       ffmq_nj      ffmq_nr      ffmq_ob
bfi_agree   -74.61799333   0.10304869 -2.423350e-02  -2.92700959   0.11110217
bfi_consc   -25.59999919  -0.02889301 -2.478441e-03  -1.37160069   0.13042797
bfi_extrav   -3.03650504   0.15749056 -7.134596e-02  -0.05030691   0.02321351
bfi_neur   -296.06079893  -6.24784999 -1.470068e+01 -18.09551904  -0.23502138
bfi_open     -0.08408684   0.10419077 -5.344139e-02   0.09003474   0.29055141
ffmq_aa       1.00000000  -0.81849036 -6.810371e-01  -0.17813358  -8.41047507
ffmq_de      -0.81849036   1.00000000 -8.174241e-01   0.01982039   0.20153530
ffmq_nj      -0.68103708  -0.81742415  1.000000e+00  -0.04987000 -11.87236725
ffmq_nr      -0.17813358   0.01982039 -4.987000e-02   1.00000000   0.13518195
ffmq_ob      -8.41047507   0.20153530 -1.187237e+01   0.13518195   1.00000000
ffmq         -4.61282731  -0.16865540  5.692965e-01   0.47736297  -3.07417242
grt         -96.44872700 -84.81627338 -1.570925e+02 -19.20811929 -15.29997367
har          -8.76616253   0.17675916 -1.141590e+01  -1.11682996   0.26585389
leadChal     -0.01400391  -0.05528005 -4.051364e+01   0.01888004  -4.79519233
lnr           0.18510380  -9.49359754  3.763575e-02  -0.90257175  -6.85707445
mt           -0.08752267   0.23536112 -1.036277e-01  -3.85546184  -6.99806171
                  ffmq          grt          har     leadChal           lnr
bfi_agree  -39.6130343    0.1737383   0.14081369 -26.31280679    0.15561064
bfi_consc   -9.3372523    0.6034657   0.20055719  -9.01158681    0.38992058
bfi_extrav  -4.7909911   -2.4379457   0.02469189  -0.65049614    0.16610082
bfi_neur   -14.3029876   -0.2630818  -0.27386813 -63.98527351 -187.26777927
bfi_open   -51.3404946 -118.3180251   0.18504682 -27.66768536   -0.02837472
ffmq_aa     -4.6128273  -96.4487270  -8.76616253  -0.01400391    0.18510380
ffmq_de     -0.1686554  -84.8162734   0.17675916  -0.05528005   -9.49359754
ffmq_nj      0.5692965 -157.0924544 -11.41590083 -40.51364199    0.03763575
ffmq_nr      0.4773630  -19.2081193  -1.11682996   0.01888004   -0.90257175
ffmq_ob     -3.0741724  -15.2999737   0.26585389  -4.79519233   -6.85707445
ffmq         1.0000000  -27.1893891 -10.52508367  -8.89196841    0.10247045
grt        -27.1893891    1.0000000   0.18786007 -49.26693683  -10.60637143
har        -10.5250837    0.1878601   1.00000000  -5.00371651  -11.86212540
leadChal    -8.8919684  -49.2669368  -5.00371651   1.00000000  -13.41534122
lnr          0.1024704  -10.6063714 -11.86212540 -13.41534122    1.00000000
mt           0.2238908    0.4180955  -1.68732044 -29.16349359    0.21070471
                     mt
bfi_agree    0.17349062
bfi_consc    0.42910589
bfi_extrav  -1.82454846
bfi_neur   -64.09401094
bfi_open     0.20384023
ffmq_aa     -0.08752267
ffmq_de      0.23536112
ffmq_nj     -0.10362770
ffmq_nr     -3.85546184
ffmq_ob     -6.99806171
ffmq         0.22389080
grt          0.41809546
har         -1.68732044
leadChal   -29.16349359
lnr          0.21070471
mt           1.00000000
