              bfi_agree   bfi_consc  bfi_extrav    bfi_neur    bfi_open
bfi_agree   1.000000000  0.21223308  0.01514849 -0.38200570  0.26930040
bfi_consc   0.212233082  1.00000000  0.11940173 -0.21794153  0.06389546
bfi_extrav  0.015148493  0.11940173  1.00000000 -0.14415322  0.11368364
bfi_neur   -0.382005695 -0.21794153 -0.14415322  1.00000000 -0.15092508
bfi_open    0.269300396  0.06389546  0.11368364 -0.15092508  1.00000000
ffmq_aa     0.029967442  0.34887362 -0.03028636 -0.28108073  0.07629574
ffmq_de     0.001958315  0.07669941  0.14805141 -0.06793741  0.09686791
ffmq_nj     0.136567404  0.13690299  0.17865693 -0.40215336  0.16546916
ffmq_nr     0.126348976  0.04138902  0.08610919 -0.23223940  0.18434981
ffmq_ob     0.045868501  0.06815024  0.18224750  0.05429273  0.26876270
grt         0.119562325  0.58505027  0.13402430 -0.23130340 -0.01768183
leadChal    0.136258453  0.21225614  0.32869982 -0.24169771  0.29012545
               ffmq_aa      ffmq_de     ffmq_nj      ffmq_nr     ffmq_ob
bfi_agree   0.02996744  0.001958315  0.13656740  0.126348976  0.04586850
bfi_consc   0.34887362  0.076699413  0.13690299  0.041389020  0.06815024
bfi_extrav -0.03028636  0.148051412  0.17865693  0.086109194  0.18224750
bfi_neur   -0.28108073 -0.067937414 -0.40215336 -0.232239397  0.05429273
bfi_open    0.07629574  0.096867909  0.16546916  0.184349814  0.26876270
ffmq_aa     1.00000000  0.107982116  0.26836793  0.068694193  0.06117455
ffmq_de     0.10798212  1.000000000 -0.04089544  0.279068419  0.20894623
ffmq_nj     0.26836793 -0.040895436  1.00000000 -0.034727850 -0.05739091
ffmq_nr     0.06869419  0.279068419 -0.03472785  1.000000000  0.24373019
ffmq_ob     0.06117455  0.208946229 -0.05739091  0.243730191  1.00000000
grt         0.32580803  0.067640627  0.23522266  0.001882831  0.01966898
leadChal    0.12933428  0.191704159  0.14907707  0.154740318  0.18294102
                    grt   leadChal
bfi_agree   0.119562325  0.1362585
bfi_consc   0.585050271  0.2122561
bfi_extrav  0.134024298  0.3286998
bfi_neur   -0.231303396 -0.2416977
bfi_open   -0.017681834  0.2901255
ffmq_aa     0.325808034  0.1293343
ffmq_de     0.067640627  0.1917042
ffmq_nj     0.235222662  0.1490771
ffmq_nr     0.001882831  0.1547403
ffmq_ob     0.019668983  0.1829410
grt         1.000000000  0.1868844
leadChal    0.186884422  1.0000000
