             bfi_agree   bfi_consc  bfi_extrav   bfi_neur    bfi_open
bfi_agree   1.00000000  0.22648321  0.01802755 -0.4074412  0.29011075
bfi_consc   0.22648321  1.00000000  0.12827774 -0.2304700  0.06889165
bfi_extrav  0.01802755  0.12827774  1.00000000 -0.1561751  0.12362627
bfi_neur   -0.40744120 -0.23046997 -0.15617511  1.0000000 -0.16094105
bfi_open    0.29011075  0.06889165  0.12362627 -0.1609411  1.00000000
ffmq        0.13762287  0.26672066  0.19333583 -0.4520910  0.24292095
leadChal    0.14590173  0.22576212  0.35241097 -0.2573360  0.31245640
                 ffmq   leadChal
bfi_agree   0.1376229  0.1459017
bfi_consc   0.2667207  0.2257621
bfi_extrav  0.1933358  0.3524110
bfi_neur   -0.4520910 -0.2573360
bfi_open    0.2429210  0.3124564
ffmq        1.0000000  0.2911900
leadChal    0.2911900  1.0000000
