            bfi_agree   bfi_consc  bfi_extrav    bfi_neur   bfi_open       ffmq
bfi_agree   1.0000000  0.36671472  0.14110888 -0.24412061 0.14463873  0.3904709
bfi_consc   0.3667147  1.00000000  0.18861124 -0.19286302 0.05065106  0.4282514
bfi_extrav  0.1411089  0.18861124  1.00000000 -0.09241376 0.38668518  0.3801170
bfi_neur   -0.2441206 -0.19286302 -0.09241376  1.00000000 0.04964139 -0.3985120
bfi_open    0.1446387  0.05065106  0.38668518  0.04964139 1.00000000  0.2166027
ffmq        0.3904709  0.42825144  0.38011699 -0.39851196 0.21660271  1.0000000
leadChal    0.1864025  0.42987297  0.36382390 -0.07586096 0.37244295  0.2781678
              leadChal
bfi_agree   0.18640254
bfi_consc   0.42987297
bfi_extrav  0.36382390
bfi_neur   -0.07586096
bfi_open    0.37244295
ffmq        0.27816777
leadChal    1.00000000
