            bfi_agree   bfi_consc bfi_extrav    bfi_neur    bfi_open       ffmq
bfi_agree   1.0000000  0.30183534  0.1377149 -0.21478746  0.35196120  0.2255861
bfi_consc   0.3018353  1.00000000  0.2101796 -0.07201181  0.16316767  0.3327105
bfi_extrav  0.1377149  0.21017962  1.0000000 -0.01867250  0.21947159  0.2696221
bfi_neur   -0.2147875 -0.07201181 -0.0186725  1.00000000 -0.01888426 -0.2516035
bfi_open    0.3519612  0.16316767  0.2194716 -0.01888426  1.00000000  0.3132922
ffmq        0.2255861  0.33271050  0.2696221 -0.25160354  0.31329221  1.0000000
leadChal    0.2314009  0.29700849  0.4078544 -0.09734082  0.36892811  0.3557904
              leadChal
bfi_agree   0.23140086
bfi_consc   0.29700849
bfi_extrav  0.40785438
bfi_neur   -0.09734082
bfi_open    0.36892811
ffmq        0.35579045
leadChal    1.00000000
