             bfi_agree   bfi_consc  bfi_extrav   bfi_neur    bfi_open
bfi_agree   1.00000000  0.21889150  0.01620188 -0.3952932  0.27800727
bfi_consc   0.21889150  1.00000000  0.12130276 -0.2211778  0.06532656
bfi_extrav  0.01620188  0.12130276  1.00000000 -0.1475418  0.11692495
bfi_neur   -0.39529317 -0.22117777 -0.14754177  1.0000000 -0.15590117
bfi_open    0.27800727  0.06532656  0.11692495 -0.1559012  1.00000000
ffmq        0.13321383  0.25193514  0.18513357 -0.4378811  0.23253601
leadChal    0.13700149  0.21547179  0.33697563 -0.2459901  0.29848808
                 ffmq   leadChal
bfi_agree   0.1332138  0.1370015
bfi_consc   0.2519351  0.2154718
bfi_extrav  0.1851336  0.3369756
bfi_neur   -0.4378811 -0.2459901
bfi_open    0.2325360  0.2984881
ffmq        1.0000000  0.2764155
leadChal    0.2764155  1.0000000
