            bfi_agree   bfi_consc bfi_extrav      bfi_neur      bfi_open
bfi_agree   1.0000000  0.37319890 0.17777547 -0.2644473359  0.4303631520
bfi_consc   0.3731989  1.00000000 0.28272696 -0.0729010793  0.2266507996
bfi_extrav  0.1777755  0.28272696 1.00000000  0.0041913203  0.2783725346
bfi_neur   -0.2644473 -0.07290108 0.00419132  1.0000000000 -0.0006975163
bfi_open    0.4303632  0.22665080 0.27837253 -0.0006975163  1.0000000000
ffmq        0.2914561  0.40947898 0.34297065 -0.3146249168  0.3880743990
leadChal    0.2991680  0.37254462 0.48526570 -0.1012501768  0.4501755076
                 ffmq   leadChal
bfi_agree   0.2914561  0.2991680
bfi_consc   0.4094790  0.3725446
bfi_extrav  0.3429707  0.4852657
bfi_neur   -0.3146249 -0.1012502
bfi_open    0.3880744  0.4501755
ffmq        1.0000000  0.4313232
leadChal    0.4313232  1.0000000
