             bfi_agree   bfi_consc  bfi_extrav   bfi_neur    bfi_open
bfi_agree   1.00000000  0.06871583 -0.14264609 -0.5329055  0.13618076
bfi_consc   0.06871583  1.00000000 -0.03265511 -0.3768137 -0.09238992
bfi_extrav -0.14264609 -0.03265511  1.00000000 -0.3087100 -0.03737576
bfi_neur   -0.53290552 -0.37681371 -0.30870998  1.0000000 -0.31312622
bfi_open    0.13618076 -0.09238992 -0.03737576 -0.3131262  1.00000000
ffmq       -0.02314923  0.11121294  0.03413186 -0.5709832  0.08600778
leadChal   -0.01470360  0.06795943  0.20365124 -0.4010575  0.16021774
                  ffmq    leadChal
bfi_agree  -0.02314923 -0.01470360
bfi_consc   0.11121294  0.06795943
bfi_extrav  0.03413186  0.20365124
bfi_neur   -0.57098319 -0.40105752
bfi_open    0.08600778  0.16021774
ffmq        1.00000000  0.13733756
leadChal    0.13733756  1.00000000
