             bfi_agree   bfi_consc bfi_extrav   bfi_neur    bfi_open       ffmq
bfi_agree   1.00000000  0.30818282  0.1446239 -0.3632107  0.22165266  0.2472438
bfi_consc   0.30818282  1.00000000  0.1040455 -0.3644833  0.05746469  0.3900047
bfi_extrav  0.14462394  0.10404550  1.0000000 -0.2318274  0.25189860  0.2298293
bfi_neur   -0.36321074 -0.36448326 -0.2318274  1.0000000 -0.11408211 -0.4768766
bfi_open    0.22165266  0.05746469  0.2518986 -0.1140821  1.00000000  0.1972225
ffmq        0.24724375  0.39000473  0.2298293 -0.4768766  0.19722251  1.0000000
leadChal    0.08934902  0.35637892  0.4532979 -0.2962290  0.30594209  0.2810060
              leadChal
bfi_agree   0.08934902
bfi_consc   0.35637892
bfi_extrav  0.45329788
bfi_neur   -0.29622898
bfi_open    0.30594209
ffmq        0.28100597
leadChal    1.00000000
