            bfi_agree  bfi_consc  bfi_extrav     bfi_neur    bfi_open
bfi_agree   1.0000000  0.3578268  0.22205604 -0.180674745 0.283744099
bfi_consc   0.3578268  1.0000000  0.19436764 -0.194991574 0.152700505
bfi_extrav  0.2220560  0.1943676  1.00000000 -0.087891473 0.312184475
bfi_neur   -0.1806747 -0.1949916 -0.08789147  1.000000000 0.007021387
bfi_open    0.2837441  0.1527005  0.31218448  0.007021387 1.000000000
ffmq        0.3082554  0.4182276  0.29927401 -0.276193580 0.278788954
leadChal    0.1797600  0.4040176  0.48986417 -0.142580593 0.363347160
                 ffmq   leadChal
bfi_agree   0.3082554  0.1797600
bfi_consc   0.4182276  0.4040176
bfi_extrav  0.2992740  0.4898642
bfi_neur   -0.2761936 -0.1425806
bfi_open    0.2787890  0.3633472
ffmq        1.0000000  0.3410239
leadChal    0.3410239  1.0000000
