             bfi_agree  bfi_consc  bfi_extrav    bfi_neur    bfi_open
bfi_agree   1.00000000  0.3051019  0.05762519 -0.41633508  0.05404478
bfi_consc   0.30510192  1.0000000  0.10334465 -0.36081627 -0.06412660
bfi_extrav  0.05762519  0.1033446  1.00000000 -0.23248092  0.33809747
bfi_neur   -0.41633508 -0.3608163 -0.23248092  1.00000000 -0.07381451
bfi_open    0.05404478 -0.0641266  0.33809747 -0.07381451  1.00000000
ffmq        0.34473367  0.3700789  0.32211224 -0.61003247  0.13132026
leadChal    0.09669902  0.3853456  0.31284146 -0.22801513  0.31396580
                 ffmq    leadChal
bfi_agree   0.3447337  0.09669902
bfi_consc   0.3700789  0.38534562
bfi_extrav  0.3221122  0.31284146
bfi_neur   -0.6100325 -0.22801513
bfi_open    0.1313203  0.31396580
ffmq        1.0000000  0.21105990
leadChal    0.2110599  1.00000000
