            bfi_agree  bfi_consc  bfi_extrav    bfi_neur   bfi_open       ffmq
bfi_agree   1.0000000  0.3599731  0.23092232 -0.19052788 0.28540031  0.3094759
bfi_consc   0.3599731  1.0000000  0.19403746 -0.19452198 0.15305573  0.4326137
bfi_extrav  0.2309223  0.1940375  1.00000000 -0.08248571 0.31412103  0.2993228
bfi_neur   -0.1905279 -0.1945220 -0.08248571  1.00000000 0.01083149 -0.2734640
bfi_open    0.2854003  0.1530557  0.31412103  0.01083149 1.00000000  0.2527666
ffmq        0.3094759  0.4326137  0.29932276 -0.27346402 0.25276660  1.0000000
leadChal    0.1719746  0.4101036  0.49357119 -0.13858804 0.35858773  0.3478347
             leadChal
bfi_agree   0.1719746
bfi_consc   0.4101036
bfi_extrav  0.4935712
bfi_neur   -0.1385880
bfi_open    0.3585877
ffmq        0.3478347
leadChal    1.0000000
