             bfi_agree   bfi_consc bfi_extrav   bfi_neur    bfi_open       ffmq
bfi_agree   1.00000000  0.29900521  0.1398000 -0.3519235  0.21440179  0.2392248
bfi_consc   0.29900521  1.00000000  0.1026452 -0.3550314  0.05705131  0.3805484
bfi_extrav  0.13980002  0.10264520  1.0000000 -0.2261830  0.24310244  0.2233532
bfi_neur   -0.35192354 -0.35503142 -0.2261830  1.0000000 -0.10977958 -0.4609676
bfi_open    0.21440179  0.05705131  0.2431024 -0.1097796  1.00000000  0.1932394
ffmq        0.23922477  0.38054843  0.2233532 -0.4609676  0.19323943  1.0000000
leadChal    0.08619849  0.34921625  0.4387649 -0.2891976  0.29489739  0.2736039
              leadChal
bfi_agree   0.08619849
bfi_consc   0.34921625
bfi_extrav  0.43876491
bfi_neur   -0.28919755
bfi_open    0.29489739
ffmq        0.27360385
leadChal    1.00000000
