              bfi_agree    bfi_consc   bfi_extrav   bfi_neur    bfi_open
bfi_agree   1.000000000  0.094047129 -0.141700820 -0.6847367  0.17267443
bfi_consc   0.094047129  1.000000000 -0.005307742 -0.4468452 -0.08933297
bfi_extrav -0.141700820 -0.005307742  1.000000000 -0.3486917 -0.02541927
bfi_neur   -0.684736738 -0.446845218 -0.348691712  1.0000000 -0.36746109
bfi_open    0.172674429 -0.089332970 -0.025419274 -0.3674611  1.00000000
ffmq       -0.004756687  0.144145660  0.070800597 -0.7349507  0.12311418
leadChal    0.002449485  0.113384555  0.245101462 -0.4702677  0.19276290
                   ffmq     leadChal
bfi_agree  -0.004756687  0.002449485
bfi_consc   0.144145660  0.113384555
bfi_extrav  0.070800597  0.245101462
bfi_neur   -0.734950712 -0.470267714
bfi_open    0.123114180  0.192762898
ffmq        1.000000000  0.178006906
leadChal    0.178006906  1.000000000
