            bfi_agree   bfi_consc  bfi_extrav    bfi_neur   bfi_open       ffmq
bfi_agree   1.0000000  0.43174633  0.20178691 -0.28796415 0.19833906  0.4671044
bfi_consc   0.4317463  1.00000000  0.24550180 -0.22689976 0.08250283  0.4895132
bfi_extrav  0.2017869  0.24550180  1.00000000 -0.08966358 0.46121100  0.4469702
bfi_neur   -0.2879642 -0.22689976 -0.08966358  1.00000000 0.07282734 -0.5095099
bfi_open    0.1983391  0.08250283  0.46121100  0.07282734 1.00000000  0.2719687
ffmq        0.4671044  0.48951325  0.44697019 -0.50950987 0.27196871  1.0000000
leadChal    0.2391833  0.50293556  0.43868200 -0.08498374 0.43968832  0.3462582
              leadChal
bfi_agree   0.23918326
bfi_consc   0.50293556
bfi_extrav  0.43868200
bfi_neur   -0.08498374
bfi_open    0.43968832
ffmq        0.34625819
leadChal    1.00000000
