               auth_bp   auth_imp    auth_rt    auth_sa ili_champ    ili_emb
auth_bp    1.000000000 0.18179189 0.30293061 0.33832789 0.2097319 0.29680410
auth_imp   0.181791894 1.00000000 0.29340044 0.28843359 0.3097331 0.23232294
auth_rt    0.302930615 0.29340044 1.00000000 0.37748895 0.4232705 0.31250496
auth_sa    0.338327895 0.28843359 0.37748895 1.00000000 0.3790329 0.44558134
ili_champ  0.209731852 0.30973313 0.42327053 0.37903291 1.0000000 0.32544525
ili_emb    0.296804098 0.23232294 0.31250496 0.44558134 0.3254452 1.00000000
ili_ent    0.383683852 0.34255980 0.34250596 0.43050975 0.5114390 0.47522374
ili_pro    0.340048110 0.40522224 0.29513498 0.44782243 0.4753205 0.41080218
leadChal   0.337137176 0.39472136 0.38637185 0.43182916 0.4313357 0.45212587
lnr       -0.006895876 0.09386637 0.02558784 0.02361716 0.1376314 0.03868152
tfl_id     0.243777020 0.35766942 0.26721176 0.33590925 0.4712774 0.25275076
tfl_insp   0.306926450 0.26281914 0.27519941 0.43721035 0.4777445 0.50072814
tfl_int    0.245410283 0.17371763 0.23834412 0.41193599 0.3261499 0.38117268
tfl_pers   0.262187888 0.26969168 0.22131367 0.28932666 0.2528040 0.10071657
tfl_sup    0.305081449 0.21544473 0.04583174 0.28920082 0.3123920 0.31266808
tfl_vis    0.092662710 0.13746584 0.21028383 0.17012612 0.2397929 0.37230928
            ili_ent   ili_pro   leadChal          lnr     tfl_id  tfl_insp
auth_bp   0.3836839 0.3400481 0.33713718 -0.006895876 0.24377702 0.3069264
auth_imp  0.3425598 0.4052222 0.39472136  0.093866368 0.35766942 0.2628191
auth_rt   0.3425060 0.2951350 0.38637185  0.025587842 0.26721176 0.2751994
auth_sa   0.4305097 0.4478224 0.43182916  0.023617157 0.33590925 0.4372104
ili_champ 0.5114390 0.4753205 0.43133569  0.137631414 0.47127742 0.4777445
ili_emb   0.4752237 0.4108022 0.45212587  0.038681516 0.25275076 0.5007281
ili_ent   1.0000000 0.5985590 0.50629781  0.179495545 0.47948254 0.6326779
ili_pro   0.5985590 1.0000000 0.49269139  0.144624158 0.60238542 0.5526418
leadChal  0.5062978 0.4926914 1.00000000  0.355007990 0.47271434 0.4439218
lnr       0.1794955 0.1446242 0.35500799  1.000000000 0.22616997 0.1301716
tfl_id    0.4794825 0.6023854 0.47271434  0.226169974 1.00000000 0.4122759
tfl_insp  0.6326779 0.5526418 0.44392183  0.130171581 0.41227594 1.0000000
tfl_int   0.4171462 0.2748207 0.46863534  0.016194306 0.20389825 0.4748608
tfl_pers  0.3801383 0.2209219 0.20585589 -0.001521014 0.21288375 0.4305798
tfl_sup   0.3081473 0.2827533 0.05765134 -0.063148789 0.07320828 0.3598409
tfl_vis   0.2803515 0.4148931 0.42823550  0.128899997 0.35505468 0.3544778
             tfl_int     tfl_pers     tfl_sup     tfl_vis
auth_bp   0.24541028  0.262187888  0.30508145  0.09266271
auth_imp  0.17371763  0.269691683  0.21544473  0.13746584
auth_rt   0.23834412  0.221313674  0.04583174  0.21028383
auth_sa   0.41193599  0.289326662  0.28920082  0.17012612
ili_champ 0.32614992  0.252803954  0.31239196  0.23979289
ili_emb   0.38117268  0.100716568  0.31266808  0.37230928
ili_ent   0.41714615  0.380138299  0.30814735  0.28035147
ili_pro   0.27482074  0.220921859  0.28275327  0.41489313
leadChal  0.46863534  0.205855889  0.05765134  0.42823550
lnr       0.01619431 -0.001521014 -0.06314879  0.12890000
tfl_id    0.20389825  0.212883748  0.07320828  0.35505468
tfl_insp  0.47486079  0.430579752  0.35984095  0.35447780
tfl_int   1.00000000  0.252651848  0.18374041  0.25397592
tfl_pers  0.25265185  1.000000000  0.25532833  0.01280061
tfl_sup   0.18374041  0.255328328  1.00000000 -0.08122241
tfl_vis   0.25397592  0.012800611 -0.08122241  1.00000000
