              bfi_agree   bfi_consc bfi_extrav    bfi_neur   bfi_open
bfi_agree   1.000000000  0.43518397  0.2852455 -0.22872322 0.35672762
bfi_consc   0.169156742  1.00000000  0.2469492 -0.23011271 0.20243079
bfi_extrav -0.002092733 -0.04328737  1.0000000 -0.08815256 0.38436975
bfi_neur   -0.484093914 -0.48521608 -0.3660529  1.00000000 0.03314477
bfi_open    0.077499929 -0.08996586  0.1092632 -0.25646307 1.00000000
ffmq        0.104355812  0.25809630  0.0860580 -0.58278617 0.05205606
leadChal   -0.058084459  0.22127277  0.3284639 -0.42445912 0.16675253
                 ffmq   leadChal
bfi_agree   0.3801310  0.2329682
bfi_consc   0.5076386  0.4780624
bfi_extrav  0.3642237  0.5625672
bfi_neur   -0.3550373 -0.1563499
bfi_open    0.3342266  0.4331763
ffmq        1.0000000  0.4107489
leadChal    0.1401084  1.0000000
