             bfi_agree   bfi_consc  bfi_extrav   bfi_neur    bfi_open
bfi_agree   1.00000000  0.16666082 -0.08898046 -0.5300077 -0.09254247
bfi_consc   0.16666082  1.00000000 -0.04316374 -0.4813420 -0.20803850
bfi_extrav -0.08898046 -0.04316374  1.00000000 -0.3659303  0.20221161
bfi_neur   -0.53000774 -0.48134203 -0.36593029  1.0000000 -0.21733237
bfi_open   -0.09254247 -0.20803850  0.20221161 -0.2173324  1.00000000
ffmq        0.20940524  0.23701491  0.18494361 -0.6941281 -0.01482138
leadChal   -0.04986201  0.25375005  0.17496754 -0.3618389  0.17617591
                  ffmq    leadChal
bfi_agree   0.20940524 -0.04986201
bfi_consc   0.23701491  0.25375005
bfi_extrav  0.18494361  0.17496754
bfi_neur   -0.69412812 -0.36183892
bfi_open   -0.01482138  0.17617591
ffmq        1.00000000  0.06727313
leadChal    0.06727313  1.00000000
