            bfi_agree   bfi_consc  bfi_extrav    bfi_neur    bfi_open
bfi_agree   1.0000000  0.29429678  0.12068378 -0.21324325  0.35358791
bfi_consc   0.2942968  1.00000000  0.21180009 -0.07268908  0.17272258
bfi_extrav  0.1206838  0.21180009  1.00000000 -0.01210495  0.21019699
bfi_neur   -0.2132432 -0.07268908 -0.01210495  1.00000000 -0.01296289
bfi_open    0.3535879  0.17272258  0.21019699 -0.01296289  1.00000000
ffmq        0.2231535  0.33786785  0.27503775 -0.24629308  0.30834171
leadChal    0.2292688  0.29267301  0.39209311 -0.09652783  0.35903970
                 ffmq    leadChal
bfi_agree   0.2231535  0.22926878
bfi_consc   0.3378679  0.29267301
bfi_extrav  0.2750378  0.39209311
bfi_neur   -0.2462931 -0.09652783
bfi_open    0.3083417  0.35903970
ffmq        1.0000000  0.34062960
leadChal    0.3406296  1.00000000
