             bfi_agree   bfi_consc  bfi_extrav   bfi_neur     bfi_open
bfi_agree   1.00000000  0.20103618 -0.06752879 -0.6306950 -0.084923695
bfi_consc   0.20103618  1.00000000 -0.02692823 -0.5729082 -0.215494147
bfi_extrav -0.06752879 -0.02692823  1.00000000 -0.4290157  0.242366575
bfi_neur   -0.63069498 -0.57290817 -0.42901570  1.0000000 -0.238947970
bfi_open   -0.08492369 -0.21549415  0.24236657 -0.2389480  1.000000000
ffmq        0.25530162  0.27147628  0.22777174 -0.8757023  0.008727177
leadChal   -0.02513596  0.28823308  0.21327727 -0.4186842  0.220794550
                   ffmq    leadChal
bfi_agree   0.255301619 -0.02513596
bfi_consc   0.271476278  0.28823308
bfi_extrav  0.227771737  0.21327727
bfi_neur   -0.875702279 -0.41868416
bfi_open    0.008727177  0.22079455
ffmq        1.000000000  0.09021975
leadChal    0.090219746  1.00000000
