             bfi_agree   bfi_consc  bfi_extrav    bfi_neur    bfi_open
bfi_agree   1.00000000  0.29438460  0.05425590 -0.40184857  0.04969571
bfi_consc   0.29438460  1.00000000  0.09789217 -0.34814983 -0.06467510
bfi_extrav  0.05425590  0.09789217  1.00000000 -0.22394425  0.32925586
bfi_neur   -0.40184857 -0.34814983 -0.22394425  1.00000000 -0.07402032
bfi_open    0.04969571 -0.06467510  0.32925586 -0.07402032  1.00000000
ffmq        0.33564927  0.35942237  0.30831779 -0.59406221  0.12797467
leadChal    0.09051585  0.37073000  0.29900193 -0.22035600  0.30243355
                 ffmq    leadChal
bfi_agree   0.3356493  0.09051585
bfi_consc   0.3594224  0.37073000
bfi_extrav  0.3083178  0.29900193
bfi_neur   -0.5940622 -0.22035600
bfi_open    0.1279747  0.30243355
ffmq        1.0000000  0.20307121
leadChal    0.2030712  1.00000000
